#Prec	Dim	Min	Max     	|V|	|E|	Seed               	Rev       	Run#	Time(sec)	MSTWeight
1	0	0.0	100000.0	448	100128	1144473762101761719	8ef1e8d93a	0	0.00	117491.1
1	0	0.0	100000.0	448	100128	1144473762101761719	8ef1e8d93a	1	0.00	117491.1
1	0	0.0	100000.0	448	100128	1144473762101761719	8ef1e8d93a	2	0.00	117491.1
1	0	0.0	100000.0	448	100128	1144473762101761719	8ef1e8d93a	3	0.00	117491.1
1	0	0.0	100000.0	448	100128	1144473762101761719	8ef1e8d93a	4	0.00	117491.1
1	0	0.0	100000.0	633	200028	10808559031493456036	8ef1e8d93a	0	0.01	124428.4
1	0	0.0	100000.0	633	200028	10808559031493456036	8ef1e8d93a	1	0.01	124428.4
1	0	0.0	100000.0	633	200028	10808559031493456036	8ef1e8d93a	2	0.01	124428.4
1	0	0.0	100000.0	633	200028	10808559031493456036	8ef1e8d93a	3	0.01	124428.4
1	0	0.0	100000.0	633	200028	10808559031493456036	8ef1e8d93a	4	0.01	124428.4
1	0	0.0	100000.0	666	100000	8211211464294972040	8ef1e8d93a	0	0.01	241395.4
1	0	0.0	100000.0	666	100000	8211211464294972040	8ef1e8d93a	1	0.00	241395.4
1	0	0.0	100000.0	666	100000	8211211464294972040	8ef1e8d93a	2	0.00	241395.4
1	0	0.0	100000.0	666	100000	8211211464294972040	8ef1e8d93a	3	0.00	241395.4
1	0	0.0	100000.0	666	100000	8211211464294972040	8ef1e8d93a	4	0.00	241395.4
1	0	0.0	100000.0	776	300700	7062495216961211968	8ef1e8d93a	0	0.02	112623.7
1	0	0.0	100000.0	776	300700	7062495216961211968	8ef1e8d93a	1	0.02	112623.7
1	0	0.0	100000.0	776	300700	7062495216961211968	8ef1e8d93a	2	0.02	112623.7
1	0	0.0	100000.0	776	300700	7062495216961211968	8ef1e8d93a	3	0.02	112623.7
1	0	0.0	100000.0	776	300700	7062495216961211968	8ef1e8d93a	4	0.02	112623.7
1	0	0.0	100000.0	895	400065	4803789279348672769	8ef1e8d93a	0	0.02	124436.9
1	0	0.0	100000.0	895	400065	4803789279348672769	8ef1e8d93a	1	0.02	124436.9
1	0	0.0	100000.0	895	400065	4803789279348672769	8ef1e8d93a	2	0.02	124436.9
1	0	0.0	100000.0	895	400065	4803789279348672769	8ef1e8d93a	3	0.02	124436.9
1	0	0.0	100000.0	895	400065	4803789279348672769	8ef1e8d93a	4	0.02	124436.9
1	0	0.0	100000.0	1001	500500	3508436502532993356	8ef1e8d93a	0	0.03	112864.8
1	0	0.0	100000.0	1001	500500	3508436502532993356	8ef1e8d93a	1	0.04	112864.8
1	0	0.0	100000.0	1001	500500	3508436502532993356	8ef1e8d93a	2	0.03	112864.8
1	0	0.0	100000.0	1001	500500	3508436502532993356	8ef1e8d93a	3	0.03	112864.8
1	0	0.0	100000.0	1001	500500	3508436502532993356	8ef1e8d93a	4	0.04	112864.8
1	0	0.0	100000.0	1096	600060	11002444327164293152	8ef1e8d93a	0	0.04	124601.3
1	0	0.0	100000.0	1096	600060	11002444327164293152	8ef1e8d93a	1	0.04	124601.3
1	0	0.0	100000.0	1096	600060	11002444327164293152	8ef1e8d93a	2	0.04	124601.3
1	0	0.0	100000.0	1096	600060	11002444327164293152	8ef1e8d93a	3	0.04	124601.3
1	0	0.0	100000.0	1096	600060	11002444327164293152	8ef1e8d93a	4	0.04	124601.3
1	0	0.0	100000.0	1333	200000	13252868028536094134	8ef1e8d93a	0	0.02	517718.0
1	0	0.0	100000.0	1333	200000	13252868028536094134	8ef1e8d93a	1	0.01	517718.0
1	0	0.0	100000.0	1333	200000	13252868028536094134	8ef1e8d93a	2	0.01	517718.0
1	0	0.0	100000.0	1333	200000	13252868028536094134	8ef1e8d93a	3	0.02	517718.0
1	0	0.0	100000.0	1333	200000	13252868028536094134	8ef1e8d93a	4	0.02	517718.0
1	0	0.0	100000.0	1415	1000405	11055297663285745456	8ef1e8d93a	0	0.06	118286.4
1	0	0.0	100000.0	1415	1000405	11055297663285745456	8ef1e8d93a	1	0.07	118286.4
1	0	0.0	100000.0	1415	1000405	11055297663285745456	8ef1e8d93a	2	0.07	118286.4
1	0	0.0	100000.0	1415	1000405	11055297663285745456	8ef1e8d93a	3	0.06	118286.4
1	0	0.0	100000.0	1415	1000405	11055297663285745456	8ef1e8d93a	4	0.07	118286.4
1	0	0.0	100000.0	2000	100000	10548967994660097113	8ef1e8d93a	0	0.00	2473204.6
1	0	0.0	100000.0	2000	100000	10548967994660097113	8ef1e8d93a	1	0.00	2473204.6
1	0	0.0	100000.0	2000	100000	10548967994660097113	8ef1e8d93a	2	0.00	2473204.6
1	0	0.0	100000.0	2000	100000	10548967994660097113	8ef1e8d93a	3	0.01	2473204.6
1	0	0.0	100000.0	2000	100000	10548967994660097113	8ef1e8d93a	4	0.00	2473204.6
1	0	0.0	100000.0	2000	300000	15673353246080233962	8ef1e8d93a	0	0.03	836550.7
1	0	0.0	100000.0	2000	300000	15673353246080233962	8ef1e8d93a	1	0.02	836550.7
1	0	0.0	100000.0	2000	300000	15673353246080233962	8ef1e8d93a	2	0.03	836550.7
1	0	0.0	100000.0	2000	300000	15673353246080233962	8ef1e8d93a	3	0.02	836550.7
1	0	0.0	100000.0	2000	300000	15673353246080233962	8ef1e8d93a	4	0.02	836550.7
1	0	0.0	100000.0	2001	2001000	3231035565518802519	8ef1e8d93a	0	0.16	125512.9
1	0	0.0	100000.0	2001	2001000	3231035565518802519	8ef1e8d93a	1	0.16	125512.9
1	0	0.0	100000.0	2001	2001000	3231035565518802519	8ef1e8d93a	2	0.15	125512.9
1	0	0.0	100000.0	2001	2001000	3231035565518802519	8ef1e8d93a	3	0.16	125512.9
1	0	0.0	100000.0	2001	2001000	3231035565518802519	8ef1e8d93a	4	0.16	125512.9
1	0	0.0	100000.0	2450	3000025	4875142143772139927	8ef1e8d93a	0	0.23	123426.3
1	0	0.0	100000.0	2450	3000025	4875142143772139927	8ef1e8d93a	1	0.25	123426.3
1	0	0.0	100000.0	2450	3000025	4875142143772139927	8ef1e8d93a	2	0.24	123426.3
1	0	0.0	100000.0	2450	3000025	4875142143772139927	8ef1e8d93a	3	0.24	123426.3
1	0	0.0	100000.0	2450	3000025	4875142143772139927	8ef1e8d93a	4	0.24	123426.3
1	0	0.0	100000.0	2666	400000	16940926852185232446	8ef1e8d93a	0	0.03	1063806.8
1	0	0.0	100000.0	2666	400000	16940926852185232446	8ef1e8d93a	1	0.02	1063806.8
1	0	0.0	100000.0	2666	400000	16940926852185232446	8ef1e8d93a	2	0.03	1063806.8
1	0	0.0	100000.0	2666	400000	16940926852185232446	8ef1e8d93a	3	0.03	1063806.8
1	0	0.0	100000.0	2666	400000	16940926852185232446	8ef1e8d93a	4	0.03	1063806.8
1	0	0.0	100000.0	2829	4000206	4410509844383751366	8ef1e8d93a	0	0.32	116211.1
1	0	0.0	100000.0	2829	4000206	4410509844383751366	8ef1e8d93a	1	0.32	116211.1
1	0	0.0	100000.0	2829	4000206	4410509844383751366	8ef1e8d93a	2	0.34	116211.1
1	0	0.0	100000.0	2829	4000206	4410509844383751366	8ef1e8d93a	3	0.32	116211.1
1	0	0.0	100000.0	2829	4000206	4410509844383751366	8ef1e8d93a	4	0.33	116211.1
1	0	0.0	100000.0	3163	5000703	12893462876982401791	8ef1e8d93a	0	0.39	119481.0
1	0	0.0	100000.0	3163	5000703	12893462876982401791	8ef1e8d93a	1	0.40	119481.0
1	0	0.0	100000.0	3163	5000703	12893462876982401791	8ef1e8d93a	2	0.39	119481.0
1	0	0.0	100000.0	3163	5000703	12893462876982401791	8ef1e8d93a	3	0.43	119481.0
1	0	0.0	100000.0	3163	5000703	12893462876982401791	8ef1e8d93a	4	0.40	119481.0
1	0	0.0	100000.0	3333	500000	16229314348623742586	8ef1e8d93a	0	0.04	1355360.1
1	0	0.0	100000.0	3333	500000	16229314348623742586	8ef1e8d93a	1	0.04	1355360.1
1	0	0.0	100000.0	3333	500000	16229314348623742586	8ef1e8d93a	2	0.04	1355360.1
1	0	0.0	100000.0	3333	500000	16229314348623742586	8ef1e8d93a	3	0.04	1355360.1
1	0	0.0	100000.0	3333	500000	16229314348623742586	8ef1e8d93a	4	0.04	1355360.1
1	0	0.0	100000.0	3333	5000000	10987069171828141427	8ef1e8d93a	0	0.48	134328.2
1	0	0.0	100000.0	3333	5000000	10987069171828141427	8ef1e8d93a	1	0.45	134328.2
1	0	0.0	100000.0	3333	5000000	10987069171828141427	8ef1e8d93a	2	0.46	134328.2
1	0	0.0	100000.0	3333	5000000	10987069171828141427	8ef1e8d93a	3	0.46	134328.2
1	0	0.0	100000.0	3333	5000000	10987069171828141427	8ef1e8d93a	4	0.46	134328.2
1	0	0.0	100000.0	3465	6001380	13625375710347212114	8ef1e8d93a	0	0.49	120724.9
1	0	0.0	100000.0	3465	6001380	13625375710347212114	8ef1e8d93a	1	0.48	120724.9
1	0	0.0	100000.0	3465	6001380	13625375710347212114	8ef1e8d93a	2	0.48	120724.9
1	0	0.0	100000.0	3465	6001380	13625375710347212114	8ef1e8d93a	3	0.47	120724.9
1	0	0.0	100000.0	3465	6001380	13625375710347212114	8ef1e8d93a	4	0.48	120724.9
1	0	0.0	100000.0	3743	7003153	9477885521745518800	8ef1e8d93a	0	0.59	120473.5
1	0	0.0	100000.0	3743	7003153	9477885521745518800	8ef1e8d93a	1	0.60	120473.5
1	0	0.0	100000.0	3743	7003153	9477885521745518800	8ef1e8d93a	2	0.57	120473.5
1	0	0.0	100000.0	3743	7003153	9477885521745518800	8ef1e8d93a	3	0.58	120473.5
1	0	0.0	100000.0	3743	7003153	9477885521745518800	8ef1e8d93a	4	0.59	120473.5
1	0	0.0	100000.0	4000	200000	11077890036018704681	8ef1e8d93a	0	0.02	4816433.3
1	0	0.0	100000.0	4000	200000	11077890036018704681	8ef1e8d93a	1	0.02	4816433.3
1	0	0.0	100000.0	4000	200000	11077890036018704681	8ef1e8d93a	2	0.02	4816433.3
1	0	0.0	100000.0	4000	200000	11077890036018704681	8ef1e8d93a	3	0.01	4816433.3
1	0	0.0	100000.0	4000	200000	11077890036018704681	8ef1e8d93a	4	0.02	4816433.3
1	0	0.0	100000.0	4000	600000	18282404505898927552	8ef1e8d93a	0	0.05	1594139.3
1	0	0.0	100000.0	4000	600000	18282404505898927552	8ef1e8d93a	1	0.05	1594139.3
1	0	0.0	100000.0	4000	600000	18282404505898927552	8ef1e8d93a	2	0.05	1594139.3
1	0	0.0	100000.0	4000	600000	18282404505898927552	8ef1e8d93a	3	0.05	1594139.3
1	0	0.0	100000.0	4000	600000	18282404505898927552	8ef1e8d93a	4	0.05	1594139.3
1	0	0.0	100000.0	4000	6000000	7931701955387166256	8ef1e8d93a	0	0.55	163635.0
1	0	0.0	100000.0	4000	6000000	7931701955387166256	8ef1e8d93a	1	0.55	163635.0
1	0	0.0	100000.0	4000	6000000	7931701955387166256	8ef1e8d93a	2	0.55	163635.0
1	0	0.0	100000.0	4000	6000000	7931701955387166256	8ef1e8d93a	3	0.54	163635.0
1	0	0.0	100000.0	4000	6000000	7931701955387166256	8ef1e8d93a	4	0.54	163635.0
1	0	0.0	100000.0	4001	8002000	11122792305679349330	8ef1e8d93a	0	0.64	119767.3
1	0	0.0	100000.0	4001	8002000	11122792305679349330	8ef1e8d93a	1	0.64	119767.3
1	0	0.0	100000.0	4001	8002000	11122792305679349330	8ef1e8d93a	2	0.64	119767.3
1	0	0.0	100000.0	4001	8002000	11122792305679349330	8ef1e8d93a	3	0.64	119767.3
1	0	0.0	100000.0	4001	8002000	11122792305679349330	8ef1e8d93a	4	0.64	119767.3
1	0	0.0	100000.0	4244	9003646	15998940543895305699	8ef1e8d93a	0	0.66	119772.5
1	0	0.0	100000.0	4244	9003646	15998940543895305699	8ef1e8d93a	1	0.68	119772.5
1	0	0.0	100000.0	4244	9003646	15998940543895305699	8ef1e8d93a	2	0.66	119772.5
1	0	0.0	100000.0	4244	9003646	15998940543895305699	8ef1e8d93a	3	0.65	119772.5
1	0	0.0	100000.0	4244	9003646	15998940543895305699	8ef1e8d93a	4	0.65	119772.5
1	0	0.0	100000.0	4473	10001628	60442884859400797	8ef1e8d93a	0	0.84	123166.1
1	0	0.0	100000.0	4473	10001628	60442884859400797	8ef1e8d93a	1	0.87	123166.1
1	0	0.0	100000.0	4473	10001628	60442884859400797	8ef1e8d93a	2	0.86	123166.1
1	0	0.0	100000.0	4473	10001628	60442884859400797	8ef1e8d93a	3	0.86	123166.1
1	0	0.0	100000.0	4473	10001628	60442884859400797	8ef1e8d93a	4	0.86	123166.1
1	0	0.0	100000.0	4666	7000000	5513993795884221396	8ef1e8d93a	0	0.59	187369.8
1	0	0.0	100000.0	4666	7000000	5513993795884221396	8ef1e8d93a	1	0.62	187369.8
1	0	0.0	100000.0	4666	7000000	5513993795884221396	8ef1e8d93a	2	0.58	187369.8
1	0	0.0	100000.0	4666	7000000	5513993795884221396	8ef1e8d93a	3	0.60	187369.8
1	0	0.0	100000.0	4666	7000000	5513993795884221396	8ef1e8d93a	4	0.61	187369.8
1	0	0.0	100000.0	5333	8000000	8877577877613262218	8ef1e8d93a	0	0.70	215187.9
1	0	0.0	100000.0	5333	8000000	8877577877613262218	8ef1e8d93a	1	0.70	215187.9
1	0	0.0	100000.0	5333	8000000	8877577877613262218	8ef1e8d93a	2	0.67	215187.9
1	0	0.0	100000.0	5333	8000000	8877577877613262218	8ef1e8d93a	3	0.66	215187.9
1	0	0.0	100000.0	5333	8000000	8877577877613262218	8ef1e8d93a	4	0.69	215187.9
1	0	0.0	100000.0	6000	300000	16876383314341572275	8ef1e8d93a	0	0.03	7123243.9
1	0	0.0	100000.0	6000	300000	16876383314341572275	8ef1e8d93a	1	0.03	7123243.9
1	0	0.0	100000.0	6000	300000	16876383314341572275	8ef1e8d93a	2	0.03	7123243.9
1	0	0.0	100000.0	6000	300000	16876383314341572275	8ef1e8d93a	3	0.02	7123243.9
1	0	0.0	100000.0	6000	300000	16876383314341572275	8ef1e8d93a	4	0.03	7123243.9
1	0	0.0	100000.0	6000	9000000	6310172644662009711	8ef1e8d93a	0	0.84	239266.3
1	0	0.0	100000.0	6000	9000000	6310172644662009711	8ef1e8d93a	1	0.84	239266.3
1	0	0.0	100000.0	6000	9000000	6310172644662009711	8ef1e8d93a	2	0.84	239266.3
1	0	0.0	100000.0	6000	9000000	6310172644662009711	8ef1e8d93a	3	0.84	239266.3
1	0	0.0	100000.0	6000	9000000	6310172644662009711	8ef1e8d93a	4	0.85	239266.3
1	0	0.0	100000.0	6666	1000000	4356534229021914824	8ef1e8d93a	0	0.09	2657916.1
1	0	0.0	100000.0	6666	1000000	4356534229021914824	8ef1e8d93a	1	0.08	2657916.1
1	0	0.0	100000.0	6666	1000000	4356534229021914824	8ef1e8d93a	2	0.09	2657916.1
1	0	0.0	100000.0	6666	1000000	4356534229021914824	8ef1e8d93a	3	0.09	2657916.1
1	0	0.0	100000.0	6666	1000000	4356534229021914824	8ef1e8d93a	4	0.10	2657916.1
1	0	0.0	100000.0	6666	10000000	6315500809367382057	8ef1e8d93a	0	0.89	264416.4
1	0	0.0	100000.0	6666	10000000	6315500809367382057	8ef1e8d93a	1	0.92	264416.4
1	0	0.0	100000.0	6666	10000000	6315500809367382057	8ef1e8d93a	2	0.89	264416.4
1	0	0.0	100000.0	6666	10000000	6315500809367382057	8ef1e8d93a	3	0.90	264416.4
1	0	0.0	100000.0	6666	10000000	6315500809367382057	8ef1e8d93a	4	0.91	264416.4
1	0	0.0	100000.0	8000	400000	755316621960084639	8ef1e8d93a	0	0.04	9467825.9
1	0	0.0	100000.0	8000	400000	755316621960084639	8ef1e8d93a	1	0.04	9467825.9
1	0	0.0	100000.0	8000	400000	755316621960084639	8ef1e8d93a	2	0.04	9467825.9
1	0	0.0	100000.0	8000	400000	755316621960084639	8ef1e8d93a	3	0.04	9467825.9
1	0	0.0	100000.0	8000	400000	755316621960084639	8ef1e8d93a	4	0.04	9467825.9
1	0	0.0	100000.0	10000	500000	18339689232274065664	8ef1e8d93a	0	0.04	11908635.0
1	0	0.0	100000.0	10000	500000	18339689232274065664	8ef1e8d93a	1	0.04	11908635.0
1	0	0.0	100000.0	10000	500000	18339689232274065664	8ef1e8d93a	2	0.04	11908635.0
1	0	0.0	100000.0	10000	500000	18339689232274065664	8ef1e8d93a	3	0.04	11908635.0
1	0	0.0	100000.0	10000	500000	18339689232274065664	8ef1e8d93a	4	0.04	11908635.0
1	0	0.0	100000.0	12000	600000	5262836347240896551	8ef1e8d93a	0	0.06	14490384.5
1	0	0.0	100000.0	12000	600000	5262836347240896551	8ef1e8d93a	1	0.06	14490384.5
1	0	0.0	100000.0	12000	600000	5262836347240896551	8ef1e8d93a	2	0.07	14490384.5
1	0	0.0	100000.0	12000	600000	5262836347240896551	8ef1e8d93a	3	0.06	14490384.5
1	0	0.0	100000.0	12000	600000	5262836347240896551	8ef1e8d93a	4	0.06	14490384.5
1	0	0.0	100000.0	13333	2000000	891847535882743730	8ef1e8d93a	0	0.18	5325862.5
1	0	0.0	100000.0	13333	2000000	891847535882743730	8ef1e8d93a	1	0.19	5325862.5
1	0	0.0	100000.0	13333	2000000	891847535882743730	8ef1e8d93a	2	0.18	5325862.5
1	0	0.0	100000.0	13333	2000000	891847535882743730	8ef1e8d93a	3	0.19	5325862.5
1	0	0.0	100000.0	13333	2000000	891847535882743730	8ef1e8d93a	4	0.18	5325862.5
1	0	0.0	100000.0	20000	100000	1533312627852890609	8ef1e8d93a	0	0.02	241804475.2
1	0	0.0	100000.0	20000	100000	1533312627852890609	8ef1e8d93a	1	0.02	241804475.2
1	0	0.0	100000.0	20000	100000	1533312627852890609	8ef1e8d93a	2	0.02	241804475.2
1	0	0.0	100000.0	20000	100000	1533312627852890609	8ef1e8d93a	3	0.02	241804475.2
1	0	0.0	100000.0	20000	100000	1533312627852890609	8ef1e8d93a	4	0.02	241804475.2
1	0	0.0	100000.0	20000	1000000	13069913579053031500	8ef1e8d93a	0	0.11	24054678.9
1	0	0.0	100000.0	20000	1000000	13069913579053031500	8ef1e8d93a	1	0.12	24054678.9
1	0	0.0	100000.0	20000	1000000	13069913579053031500	8ef1e8d93a	2	0.12	24054678.9
1	0	0.0	100000.0	20000	1000000	13069913579053031500	8ef1e8d93a	3	0.11	24054678.9
1	0	0.0	100000.0	20000	1000000	13069913579053031500	8ef1e8d93a	4	0.11	24054678.9
1	0	0.0	100000.0	20000	3000000	12312139290892677403	8ef1e8d93a	0	0.30	7929931.6
1	0	0.0	100000.0	20000	3000000	12312139290892677403	8ef1e8d93a	1	0.29	7929931.6
1	0	0.0	100000.0	20000	3000000	12312139290892677403	8ef1e8d93a	2	0.31	7929931.6
1	0	0.0	100000.0	20000	3000000	12312139290892677403	8ef1e8d93a	3	0.29	7929931.6
1	0	0.0	100000.0	20000	3000000	12312139290892677403	8ef1e8d93a	4	0.29	7929931.6
1	0	0.0	100000.0	26666	4000000	13571200969606074972	8ef1e8d93a	0	0.41	10776385.2
1	0	0.0	100000.0	26666	4000000	13571200969606074972	8ef1e8d93a	1	0.41	10776385.2
1	0	0.0	100000.0	26666	4000000	13571200969606074972	8ef1e8d93a	2	0.40	10776385.2
1	0	0.0	100000.0	26666	4000000	13571200969606074972	8ef1e8d93a	3	0.46	10776385.2
1	0	0.0	100000.0	26666	4000000	13571200969606074972	8ef1e8d93a	4	0.42	10776385.2
1	0	0.0	100000.0	33333	5000000	13603740195421004674	8ef1e8d93a	0	0.50	13298075.3
1	0	0.0	100000.0	33333	5000000	13603740195421004674	8ef1e8d93a	1	0.52	13298075.3
1	0	0.0	100000.0	33333	5000000	13603740195421004674	8ef1e8d93a	2	0.51	13298075.3
1	0	0.0	100000.0	33333	5000000	13603740195421004674	8ef1e8d93a	3	0.52	13298075.3
1	0	0.0	100000.0	33333	5000000	13603740195421004674	8ef1e8d93a	4	0.52	13298075.3
1	0	0.0	100000.0	40000	200000	7135658933360500284	8ef1e8d93a	0	0.04	480065708.6
1	0	0.0	100000.0	40000	200000	7135658933360500284	8ef1e8d93a	1	0.04	480065708.6
1	0	0.0	100000.0	40000	200000	7135658933360500284	8ef1e8d93a	2	0.04	480065708.6
1	0	0.0	100000.0	40000	200000	7135658933360500284	8ef1e8d93a	3	0.04	480065708.6
1	0	0.0	100000.0	40000	200000	7135658933360500284	8ef1e8d93a	4	0.04	480065708.6
1	0	0.0	100000.0	40000	2000000	16096550590258229748	8ef1e8d93a	0	0.23	48202327.5
1	0	0.0	100000.0	40000	2000000	16096550590258229748	8ef1e8d93a	1	0.23	48202327.5
1	0	0.0	100000.0	40000	2000000	16096550590258229748	8ef1e8d93a	2	0.24	48202327.5
1	0	0.0	100000.0	40000	2000000	16096550590258229748	8ef1e8d93a	3	0.24	48202327.5
1	0	0.0	100000.0	40000	2000000	16096550590258229748	8ef1e8d93a	4	0.24	48202327.5
1	0	0.0	100000.0	40000	6000000	12397582381595870715	8ef1e8d93a	0	0.63	15932163.9
1	0	0.0	100000.0	40000	6000000	12397582381595870715	8ef1e8d93a	1	0.64	15932163.9
1	0	0.0	100000.0	40000	6000000	12397582381595870715	8ef1e8d93a	2	0.62	15932163.9
1	0	0.0	100000.0	40000	6000000	12397582381595870715	8ef1e8d93a	3	0.61	15932163.9
1	0	0.0	100000.0	40000	6000000	12397582381595870715	8ef1e8d93a	4	0.63	15932163.9
1	0	0.0	100000.0	46666	7000000	11012926844825873752	8ef1e8d93a	0	0.72	18586101.5
1	0	0.0	100000.0	46666	7000000	11012926844825873752	8ef1e8d93a	1	0.67	18586101.5
1	0	0.0	100000.0	46666	7000000	11012926844825873752	8ef1e8d93a	2	0.70	18586101.5
1	0	0.0	100000.0	46666	7000000	11012926844825873752	8ef1e8d93a	3	0.67	18586101.5
1	0	0.0	100000.0	46666	7000000	11012926844825873752	8ef1e8d93a	4	0.70	18586101.5
1	0	0.0	100000.0	53333	8000000	4467822668748737158	8ef1e8d93a	0	0.82	21259332.0
1	0	0.0	100000.0	53333	8000000	4467822668748737158	8ef1e8d93a	1	0.80	21259332.0
1	0	0.0	100000.0	53333	8000000	4467822668748737158	8ef1e8d93a	2	0.78	21259332.0
1	0	0.0	100000.0	53333	8000000	4467822668748737158	8ef1e8d93a	3	0.80	21259332.0
1	0	0.0	100000.0	53333	8000000	4467822668748737158	8ef1e8d93a	4	0.82	21259332.0
1	0	0.0	100000.0	60000	300000	17103183771580681963	8ef1e8d93a	0	0.06	722147579.2
1	0	0.0	100000.0	60000	300000	17103183771580681963	8ef1e8d93a	1	0.06	722147579.2
1	0	0.0	100000.0	60000	300000	17103183771580681963	8ef1e8d93a	2	0.06	722147579.2
1	0	0.0	100000.0	60000	300000	17103183771580681963	8ef1e8d93a	3	0.07	722147579.2
1	0	0.0	100000.0	60000	300000	17103183771580681963	8ef1e8d93a	4	0.06	722147579.2
1	0	0.0	100000.0	60000	3000000	9240680691044973071	8ef1e8d93a	0	0.30	71913605.4
1	0	0.0	100000.0	60000	3000000	9240680691044973071	8ef1e8d93a	1	0.28	71913605.4
1	0	0.0	100000.0	60000	3000000	9240680691044973071	8ef1e8d93a	2	0.29	71913605.4
1	0	0.0	100000.0	60000	3000000	9240680691044973071	8ef1e8d93a	3	0.27	71913605.4
1	0	0.0	100000.0	60000	3000000	9240680691044973071	8ef1e8d93a	4	0.30	71913605.4
1	0	0.0	100000.0	60000	9000000	18185036823968426880	8ef1e8d93a	0	0.88	24225019.6
1	0	0.0	100000.0	60000	9000000	18185036823968426880	8ef1e8d93a	1	0.86	24225019.6
1	0	0.0	100000.0	60000	9000000	18185036823968426880	8ef1e8d93a	2	0.88	24225019.6
1	0	0.0	100000.0	60000	9000000	18185036823968426880	8ef1e8d93a	3	0.89	24225019.6
1	0	0.0	100000.0	60000	9000000	18185036823968426880	8ef1e8d93a	4	0.88	24225019.6
1	0	0.0	100000.0	66666	10000000	914553163144329140	8ef1e8d93a	0	1.00	26685093.7
1	0	0.0	100000.0	66666	10000000	914553163144329140	8ef1e8d93a	1	0.98	26685093.7
1	0	0.0	100000.0	66666	10000000	914553163144329140	8ef1e8d93a	2	0.99	26685093.7
1	0	0.0	100000.0	66666	10000000	914553163144329140	8ef1e8d93a	3	0.98	26685093.7
1	0	0.0	100000.0	66666	10000000	914553163144329140	8ef1e8d93a	4	0.99	26685093.7
1	0	0.0	100000.0	80000	400000	6561446827289393555	8ef1e8d93a	0	0.09	960573906.4
1	0	0.0	100000.0	80000	400000	6561446827289393555	8ef1e8d93a	1	0.09	960573906.4
1	0	0.0	100000.0	80000	400000	6561446827289393555	8ef1e8d93a	2	0.09	960573906.4
1	0	0.0	100000.0	80000	400000	6561446827289393555	8ef1e8d93a	3	0.09	960573906.4
1	0	0.0	100000.0	80000	400000	6561446827289393555	8ef1e8d93a	4	0.09	960573906.4
1	0	0.0	100000.0	80000	4000000	15937747594750973039	8ef1e8d93a	0	0.46	95912225.0
1	0	0.0	100000.0	80000	4000000	15937747594750973039	8ef1e8d93a	1	0.44	95912225.0
1	0	0.0	100000.0	80000	4000000	15937747594750973039	8ef1e8d93a	2	0.45	95912225.0
1	0	0.0	100000.0	80000	4000000	15937747594750973039	8ef1e8d93a	3	0.46	95912225.0
1	0	0.0	100000.0	80000	4000000	15937747594750973039	8ef1e8d93a	4	0.46	95912225.0
1	0	0.0	100000.0	100000	500000	16414008610982271796	8ef1e8d93a	0	0.12	1201548518.4
1	0	0.0	100000.0	100000	500000	16414008610982271796	8ef1e8d93a	1	0.12	1201548518.4
1	0	0.0	100000.0	100000	500000	16414008610982271796	8ef1e8d93a	2	0.11	1201548518.4
1	0	0.0	100000.0	100000	500000	16414008610982271796	8ef1e8d93a	3	0.12	1201548518.4
1	0	0.0	100000.0	100000	500000	16414008610982271796	8ef1e8d93a	4	0.11	1201548518.4
1	0	0.0	100000.0	100000	5000000	11121577870134521948	8ef1e8d93a	0	0.60	121004471.2
1	0	0.0	100000.0	100000	5000000	11121577870134521948	8ef1e8d93a	1	0.61	121004471.2
1	0	0.0	100000.0	100000	5000000	11121577870134521948	8ef1e8d93a	2	0.58	121004471.2
1	0	0.0	100000.0	100000	5000000	11121577870134521948	8ef1e8d93a	3	0.57	121004471.2
1	0	0.0	100000.0	100000	5000000	11121577870134521948	8ef1e8d93a	4	0.58	121004471.2
1	0	0.0	100000.0	120000	600000	17351615455983141417	8ef1e8d93a	0	0.14	1438768954.8
1	0	0.0	100000.0	120000	600000	17351615455983141417	8ef1e8d93a	1	0.14	1438768954.8
1	0	0.0	100000.0	120000	600000	17351615455983141417	8ef1e8d93a	2	0.14	1438768954.8
1	0	0.0	100000.0	120000	600000	17351615455983141417	8ef1e8d93a	3	0.15	1438768954.8
1	0	0.0	100000.0	120000	600000	17351615455983141417	8ef1e8d93a	4	0.14	1438768954.8
1	0	0.0	100000.0	120000	6000000	13773857825730700846	8ef1e8d93a	0	0.73	144154637.5
1	0	0.0	100000.0	120000	6000000	13773857825730700846	8ef1e8d93a	1	0.74	144154637.5
1	0	0.0	100000.0	120000	6000000	13773857825730700846	8ef1e8d93a	2	0.73	144154637.5
1	0	0.0	100000.0	120000	6000000	13773857825730700846	8ef1e8d93a	3	0.75	144154637.5
1	0	0.0	100000.0	120000	6000000	13773857825730700846	8ef1e8d93a	4	0.77	144154637.5
1	0	0.0	100000.0	140000	7000000	3486878521225703964	8ef1e8d93a	0	0.93	168587054.6
1	0	0.0	100000.0	140000	7000000	3486878521225703964	8ef1e8d93a	1	0.90	168587054.6
1	0	0.0	100000.0	140000	7000000	3486878521225703964	8ef1e8d93a	2	0.90	168587054.6
1	0	0.0	100000.0	140000	7000000	3486878521225703964	8ef1e8d93a	3	0.88	168587054.6
1	0	0.0	100000.0	140000	7000000	3486878521225703964	8ef1e8d93a	4	0.91	168587054.6
1	0	0.0	100000.0	160000	8000000	1999333325894724774	8ef1e8d93a	0	0.99	192647383.6
1	0	0.0	100000.0	160000	8000000	1999333325894724774	8ef1e8d93a	1	1.02	192647383.6
1	0	0.0	100000.0	160000	8000000	1999333325894724774	8ef1e8d93a	2	1.02	192647383.6
1	0	0.0	100000.0	160000	8000000	1999333325894724774	8ef1e8d93a	3	1.04	192647383.6
1	0	0.0	100000.0	160000	8000000	1999333325894724774	8ef1e8d93a	4	1.03	192647383.6
1	0	0.0	100000.0	180000	9000000	17545454005027890892	8ef1e8d93a	0	1.18	215567078.3
1	0	0.0	100000.0	180000	9000000	17545454005027890892	8ef1e8d93a	1	1.24	215567078.3
1	0	0.0	100000.0	180000	9000000	17545454005027890892	8ef1e8d93a	2	1.23	215567078.3
1	0	0.0	100000.0	180000	9000000	17545454005027890892	8ef1e8d93a	3	1.18	215567078.3
1	0	0.0	100000.0	180000	9000000	17545454005027890892	8ef1e8d93a	4	1.24	215567078.3
1	0	0.0	100000.0	200000	1000000	1398460219366519399	8ef1e8d93a	0	0.30	2392384016.9
1	0	0.0	100000.0	200000	1000000	1398460219366519399	8ef1e8d93a	1	0.30	2392384016.9
1	0	0.0	100000.0	200000	1000000	1398460219366519399	8ef1e8d93a	2	0.28	2392384016.9
1	0	0.0	100000.0	200000	1000000	1398460219366519399	8ef1e8d93a	3	0.30	2392384016.9
1	0	0.0	100000.0	200000	1000000	1398460219366519399	8ef1e8d93a	4	0.29	2392384016.9
1	0	0.0	100000.0	200000	10000000	3947702096084614523	8ef1e8d93a	0	1.30	240760496.3
1	0	0.0	100000.0	200000	10000000	3947702096084614523	8ef1e8d93a	1	1.36	240760496.3
1	0	0.0	100000.0	200000	10000000	3947702096084614523	8ef1e8d93a	2	1.35	240760496.3
1	0	0.0	100000.0	200000	10000000	3947702096084614523	8ef1e8d93a	3	1.34	240760496.3
1	0	0.0	100000.0	200000	10000000	3947702096084614523	8ef1e8d93a	4	1.34	240760496.3
1	0	0.0	100000.0	400000	2000000	17944962480405299705	8ef1e8d93a	0	0.65	4793932680.1
1	0	0.0	100000.0	400000	2000000	17944962480405299705	8ef1e8d93a	1	0.68	4793932680.1
1	0	0.0	100000.0	400000	2000000	17944962480405299705	8ef1e8d93a	2	0.65	4793932680.1
1	0	0.0	100000.0	400000	2000000	17944962480405299705	8ef1e8d93a	3	0.65	4793932680.1
1	0	0.0	100000.0	400000	2000000	17944962480405299705	8ef1e8d93a	4	0.65	4793932680.1
1	0	0.0	100000.0	600000	3000000	11754708842616013271	8ef1e8d93a	0	1.06	7183651808.5
1	0	0.0	100000.0	600000	3000000	11754708842616013271	8ef1e8d93a	1	1.06	7183651808.5
1	0	0.0	100000.0	600000	3000000	11754708842616013271	8ef1e8d93a	2	1.05	7183651808.5
1	0	0.0	100000.0	600000	3000000	11754708842616013271	8ef1e8d93a	3	1.08	7183651808.5
1	0	0.0	100000.0	600000	3000000	11754708842616013271	8ef1e8d93a	4	1.09	7183651808.5
1	0	0.0	100000.0	800000	4000000	9621688644973394529	8ef1e8d93a	0	1.44	9580647317.4
1	0	0.0	100000.0	800000	4000000	9621688644973394529	8ef1e8d93a	1	1.47	9580647317.4
1	0	0.0	100000.0	800000	4000000	9621688644973394529	8ef1e8d93a	2	1.48	9580647317.4
1	0	0.0	100000.0	800000	4000000	9621688644973394529	8ef1e8d93a	3	1.46	9580647317.4
1	0	0.0	100000.0	800000	4000000	9621688644973394529	8ef1e8d93a	4	1.46	9580647317.4
1	0	0.0	100000.0	1000000	5000000	9521775730815841502	8ef1e8d93a	0	1.82	11992194751.4
1	0	0.0	100000.0	1000000	5000000	9521775730815841502	8ef1e8d93a	1	1.81	11992194751.4
1	0	0.0	100000.0	1000000	5000000	9521775730815841502	8ef1e8d93a	2	1.83	11992194751.4
1	0	0.0	100000.0	1000000	5000000	9521775730815841502	8ef1e8d93a	3	1.82	11992194751.4
1	0	0.0	100000.0	1000000	5000000	9521775730815841502	8ef1e8d93a	4	1.80	11992194751.4
1	0	0.0	100000.0	1200000	6000000	6424778847925609013	8ef1e8d93a	0	2.32	14380936386.8
1	0	0.0	100000.0	1200000	6000000	6424778847925609013	8ef1e8d93a	1	2.30	14380936386.8
1	0	0.0	100000.0	1200000	6000000	6424778847925609013	8ef1e8d93a	2	2.31	14380936386.8
1	0	0.0	100000.0	1200000	6000000	6424778847925609013	8ef1e8d93a	3	2.30	14380936386.8
1	0	0.0	100000.0	1200000	6000000	6424778847925609013	8ef1e8d93a	4	2.27	14380936386.8
1	0	0.0	100000.0	1400000	7000000	6041118559500250816	8ef1e8d93a	0	2.74	16749525538.3
1	0	0.0	100000.0	1400000	7000000	6041118559500250816	8ef1e8d93a	1	2.76	16749525538.3
1	0	0.0	100000.0	1400000	7000000	6041118559500250816	8ef1e8d93a	2	2.73	16749525538.3
1	0	0.0	100000.0	1400000	7000000	6041118559500250816	8ef1e8d93a	3	2.74	16749525538.3
1	0	0.0	100000.0	1400000	7000000	6041118559500250816	8ef1e8d93a	4	2.76	16749525538.3
1	0	0.0	100000.0	1600000	8000000	8363190133744155839	8ef1e8d93a	0	3.21	19168583067.1
1	0	0.0	100000.0	1600000	8000000	8363190133744155839	8ef1e8d93a	1	3.19	19168583067.1
1	0	0.0	100000.0	1600000	8000000	8363190133744155839	8ef1e8d93a	2	3.18	19168583067.1
1	0	0.0	100000.0	1600000	8000000	8363190133744155839	8ef1e8d93a	3	3.17	19168583067.1
1	0	0.0	100000.0	1600000	8000000	8363190133744155839	8ef1e8d93a	4	3.15	19168583067.1
1	0	0.0	100000.0	1800000	9000000	2254863412304222447	8ef1e8d93a	0	3.58	21578716128.9
1	0	0.0	100000.0	1800000	9000000	2254863412304222447	8ef1e8d93a	1	3.58	21578716128.9
1	0	0.0	100000.0	1800000	9000000	2254863412304222447	8ef1e8d93a	2	3.59	21578716128.9
1	0	0.0	100000.0	1800000	9000000	2254863412304222447	8ef1e8d93a	3	3.60	21578716128.9
1	0	0.0	100000.0	1800000	9000000	2254863412304222447	8ef1e8d93a	4	3.54	21578716128.9
1	0	0.0	100000.0	2000000	10000000	5518174614706333470	8ef1e8d93a	0	4.04	23956399182.7
1	0	0.0	100000.0	2000000	10000000	5518174614706333470	8ef1e8d93a	1	4.06	23956399182.7
1	0	0.0	100000.0	2000000	10000000	5518174614706333470	8ef1e8d93a	2	3.98	23956399182.7
1	0	0.0	100000.0	2000000	10000000	5518174614706333470	8ef1e8d93a	3	4.12	23956399182.7
1	0	0.0	100000.0	2000000	10000000	5518174614706333470	8ef1e8d93a	4	4.10	23956399182.7
