#Prec	Dim	Min	Max     	|V|	|E|	Seed               	Rev 	Run#	Time(sec)	MSTWeight
1	0	0.0	100000.0	20000	2000000	1155189344818925107	HEAD	0	0.16	12052500.0
1	0	0.0	100000.0	20000	2000000	1155189344818925107	HEAD	1	0.16	12052500.0
1	0	0.0	100000.0	20000	2000000	1155189344818925107	HEAD	2	0.16	12052500.0
1	0	0.0	100000.0	20000	2000000	1155189344818925107	HEAD	3	0.16	12052500.0
1	0	0.0	100000.0	20000	2000000	1155189344818925107	HEAD	4	0.14	12052500.0
1	0	0.0	100000.0	20000	2000000	1155189344818925107	HEAD	5	0.17	12052500.0
1	0	0.0	100000.0	20000	2000000	1155189344818925107	HEAD	6	0.17	12052500.0
1	0	0.0	100000.0	20000	2000000	1155189344818925107	HEAD	7	0.16	12052500.0
1	0	0.0	100000.0	20000	2000000	1155189344818925107	HEAD	8	0.15	12052500.0
1	0	0.0	100000.0	20000	2000000	1155189344818925107	HEAD	9	0.17	12052500.0
1	0	0.0	100000.0	20000	2000000	2927393306399667159	HEAD	0	0.18	12231814.9
1	0	0.0	100000.0	20000	2000000	2927393306399667159	HEAD	1	0.16	12231814.9
1	0	0.0	100000.0	20000	2000000	2927393306399667159	HEAD	2	0.18	12231814.9
1	0	0.0	100000.0	20000	2000000	2927393306399667159	HEAD	3	0.18	12231814.9
1	0	0.0	100000.0	20000	2000000	2927393306399667159	HEAD	4	0.18	12231814.9
1	0	0.0	100000.0	20000	2000000	2927393306399667159	HEAD	5	0.18	12231814.9
1	0	0.0	100000.0	20000	2000000	2927393306399667159	HEAD	6	0.18	12231814.9
1	0	0.0	100000.0	20000	2000000	2927393306399667159	HEAD	7	0.17	12231814.9
1	0	0.0	100000.0	20000	2000000	2927393306399667159	HEAD	8	0.17	12231814.9
1	0	0.0	100000.0	20000	2000000	2927393306399667159	HEAD	9	0.17	12231814.9
1	0	0.0	100000.0	20000	2000000	3712733311371170497	HEAD	0	0.16	11914743.6
1	0	0.0	100000.0	20000	2000000	3712733311371170497	HEAD	1	0.16	11914743.6
1	0	0.0	100000.0	20000	2000000	3712733311371170497	HEAD	2	0.16	11914743.6
1	0	0.0	100000.0	20000	2000000	3712733311371170497	HEAD	3	0.17	11914743.6
1	0	0.0	100000.0	20000	2000000	3712733311371170497	HEAD	4	0.16	11914743.6
1	0	0.0	100000.0	20000	2000000	3712733311371170497	HEAD	5	0.16	11914743.6
1	0	0.0	100000.0	20000	2000000	3712733311371170497	HEAD	6	0.16	11914743.6
1	0	0.0	100000.0	20000	2000000	3712733311371170497	HEAD	7	0.15	11914743.6
1	0	0.0	100000.0	20000	2000000	3712733311371170497	HEAD	8	0.16	11914743.6
1	0	0.0	100000.0	20000	2000000	3712733311371170497	HEAD	9	0.16	11914743.6
1	0	0.0	100000.0	20000	2000000	7168255096148753879	HEAD	0	0.15	11941745.2
1	0	0.0	100000.0	20000	2000000	7168255096148753879	HEAD	1	0.16	11941745.2
1	0	0.0	100000.0	20000	2000000	7168255096148753879	HEAD	2	0.15	11941745.2
1	0	0.0	100000.0	20000	2000000	7168255096148753879	HEAD	3	0.15	11941745.2
1	0	0.0	100000.0	20000	2000000	7168255096148753879	HEAD	4	0.16	11941745.2
1	0	0.0	100000.0	20000	2000000	7168255096148753879	HEAD	5	0.17	11941745.2
1	0	0.0	100000.0	20000	2000000	7168255096148753879	HEAD	6	0.16	11941745.2
1	0	0.0	100000.0	20000	2000000	7168255096148753879	HEAD	7	0.16	11941745.2
1	0	0.0	100000.0	20000	2000000	7168255096148753879	HEAD	8	0.16	11941745.2
1	0	0.0	100000.0	20000	2000000	7168255096148753879	HEAD	9	0.16	11941745.2
1	0	0.0	100000.0	20000	2000000	8995908873480217811	HEAD	0	0.16	11861111.9
1	0	0.0	100000.0	20000	2000000	8995908873480217811	HEAD	1	0.17	11861111.9
1	0	0.0	100000.0	20000	2000000	8995908873480217811	HEAD	2	0.16	11861111.9
1	0	0.0	100000.0	20000	2000000	8995908873480217811	HEAD	3	0.17	11861111.9
1	0	0.0	100000.0	20000	2000000	8995908873480217811	HEAD	4	0.16	11861111.9
1	0	0.0	100000.0	20000	2000000	8995908873480217811	HEAD	5	0.17	11861111.9
1	0	0.0	100000.0	20000	2000000	8995908873480217811	HEAD	6	0.16	11861111.9
1	0	0.0	100000.0	20000	2000000	8995908873480217811	HEAD	7	0.18	11861111.9
1	0	0.0	100000.0	20000	2000000	8995908873480217811	HEAD	8	0.16	11861111.9
1	0	0.0	100000.0	20000	2000000	8995908873480217811	HEAD	9	0.16	11861111.9
1	0	0.0	100000.0	20000	2000000	10584145337175147826	HEAD	0	0.17	12037372.0
1	0	0.0	100000.0	20000	2000000	10584145337175147826	HEAD	1	0.16	12037372.0
1	0	0.0	100000.0	20000	2000000	10584145337175147826	HEAD	2	0.17	12037372.0
1	0	0.0	100000.0	20000	2000000	10584145337175147826	HEAD	3	0.16	12037372.0
1	0	0.0	100000.0	20000	2000000	10584145337175147826	HEAD	4	0.16	12037372.0
1	0	0.0	100000.0	20000	2000000	10584145337175147826	HEAD	5	0.16	12037372.0
1	0	0.0	100000.0	20000	2000000	10584145337175147826	HEAD	6	0.16	12037372.0
1	0	0.0	100000.0	20000	2000000	10584145337175147826	HEAD	7	0.16	12037372.0
1	0	0.0	100000.0	20000	2000000	10584145337175147826	HEAD	8	0.17	12037372.0
1	0	0.0	100000.0	20000	2000000	10584145337175147826	HEAD	9	0.16	12037372.0
1	0	0.0	100000.0	20000	2000000	14093854048873510752	HEAD	0	0.18	11895139.5
1	0	0.0	100000.0	20000	2000000	14093854048873510752	HEAD	1	0.17	11895139.5
1	0	0.0	100000.0	20000	2000000	14093854048873510752	HEAD	2	0.18	11895139.5
1	0	0.0	100000.0	20000	2000000	14093854048873510752	HEAD	3	0.18	11895139.5
1	0	0.0	100000.0	20000	2000000	14093854048873510752	HEAD	4	0.18	11895139.5
1	0	0.0	100000.0	20000	2000000	14093854048873510752	HEAD	5	0.18	11895139.5
1	0	0.0	100000.0	20000	2000000	14093854048873510752	HEAD	6	0.18	11895139.5
1	0	0.0	100000.0	20000	2000000	14093854048873510752	HEAD	7	0.18	11895139.5
1	0	0.0	100000.0	20000	2000000	14093854048873510752	HEAD	8	0.17	11895139.5
1	0	0.0	100000.0	20000	2000000	14093854048873510752	HEAD	9	0.18	11895139.5
1	0	0.0	100000.0	20000	2000000	14163858588409141223	HEAD	0	0.15	12037915.2
1	0	0.0	100000.0	20000	2000000	14163858588409141223	HEAD	1	0.17	12037915.2
1	0	0.0	100000.0	20000	2000000	14163858588409141223	HEAD	2	0.16	12037915.2
1	0	0.0	100000.0	20000	2000000	14163858588409141223	HEAD	3	0.16	12037915.2
1	0	0.0	100000.0	20000	2000000	14163858588409141223	HEAD	4	0.17	12037915.2
1	0	0.0	100000.0	20000	2000000	14163858588409141223	HEAD	5	0.16	12037915.2
1	0	0.0	100000.0	20000	2000000	14163858588409141223	HEAD	6	0.17	12037915.2
1	0	0.0	100000.0	20000	2000000	14163858588409141223	HEAD	7	0.18	12037915.2
1	0	0.0	100000.0	20000	2000000	14163858588409141223	HEAD	8	0.18	12037915.2
1	0	0.0	100000.0	20000	2000000	14163858588409141223	HEAD	9	0.17	12037915.2
1	0	0.0	100000.0	20000	2000000	15369392641574954525	HEAD	0	0.16	12165787.5
1	0	0.0	100000.0	20000	2000000	15369392641574954525	HEAD	1	0.15	12165787.5
1	0	0.0	100000.0	20000	2000000	15369392641574954525	HEAD	2	0.15	12165787.5
1	0	0.0	100000.0	20000	2000000	15369392641574954525	HEAD	3	0.16	12165787.5
1	0	0.0	100000.0	20000	2000000	15369392641574954525	HEAD	4	0.15	12165787.5
1	0	0.0	100000.0	20000	2000000	15369392641574954525	HEAD	5	0.15	12165787.5
1	0	0.0	100000.0	20000	2000000	15369392641574954525	HEAD	6	0.16	12165787.5
1	0	0.0	100000.0	20000	2000000	15369392641574954525	HEAD	7	0.14	12165787.5
1	0	0.0	100000.0	20000	2000000	15369392641574954525	HEAD	8	0.16	12165787.5
1	0	0.0	100000.0	20000	2000000	15369392641574954525	HEAD	9	0.14	12165787.5
1	0	0.0	100000.0	20000	2000000	17095250977322073362	HEAD	0	0.16	12143804.3
1	0	0.0	100000.0	20000	2000000	17095250977322073362	HEAD	1	0.15	12143804.3
1	0	0.0	100000.0	20000	2000000	17095250977322073362	HEAD	2	0.17	12143804.3
1	0	0.0	100000.0	20000	2000000	17095250977322073362	HEAD	3	0.16	12143804.3
1	0	0.0	100000.0	20000	2000000	17095250977322073362	HEAD	4	0.17	12143804.3
1	0	0.0	100000.0	20000	2000000	17095250977322073362	HEAD	5	0.17	12143804.3
1	0	0.0	100000.0	20000	2000000	17095250977322073362	HEAD	6	0.17	12143804.3
1	0	0.0	100000.0	20000	2000000	17095250977322073362	HEAD	7	0.17	12143804.3
1	0	0.0	100000.0	20000	2000000	17095250977322073362	HEAD	8	0.17	12143804.3
1	0	0.0	100000.0	20000	2000000	17095250977322073362	HEAD	9	0.16	12143804.3
