#Prec	Dim	Min	Max     	|V|	|E|	Seed               	Rev       	Run#	Time(sec)	MSTWeight
1	0	0.0	100000.0	895	400065	8925460305226569032	b0556b5bdc	4	0.02	126312.5
1	0	0.0	100000.0	895	400065	8925460305226569032	b0556b5bdc	3	0.02	126312.5
1	0	0.0	100000.0	895	400065	8925460305226569032	b0556b5bdc	2	0.02	126312.5
1	0	0.0	100000.0	895	400065	8925460305226569032	b0556b5bdc	1	0.02	126312.5
1	0	0.0	100000.0	895	400065	8925460305226569032	b0556b5bdc	0	0.02	126312.5
1	0	0.0	100000.0	895	400065	4803789279348672769	b0556b5bdc	4	0.02	124436.9
1	0	0.0	100000.0	895	400065	4803789279348672769	b0556b5bdc	3	0.02	124436.9
1	0	0.0	100000.0	895	400065	4803789279348672769	b0556b5bdc	2	0.02	124436.9
1	0	0.0	100000.0	895	400065	4803789279348672769	b0556b5bdc	1	0.02	124436.9
1	0	0.0	100000.0	895	400065	4803789279348672769	b0556b5bdc	0	0.02	124436.9
1	0	0.0	100000.0	895	400065	16011167804034869646	b0556b5bdc	4	0.02	114317.8
1	0	0.0	100000.0	895	400065	16011167804034869646	b0556b5bdc	3	0.02	114317.8
1	0	0.0	100000.0	895	400065	16011167804034869646	b0556b5bdc	2	0.02	114317.8
1	0	0.0	100000.0	895	400065	16011167804034869646	b0556b5bdc	1	0.02	114317.8
1	0	0.0	100000.0	895	400065	16011167804034869646	b0556b5bdc	0	0.02	114317.8
1	0	0.0	100000.0	895	400065	1536268372202364653	b0556b5bdc	4	0.02	121034.8
1	0	0.0	100000.0	895	400065	1536268372202364653	b0556b5bdc	3	0.02	121034.8
1	0	0.0	100000.0	895	400065	1536268372202364653	b0556b5bdc	2	0.02	121034.8
1	0	0.0	100000.0	895	400065	1536268372202364653	b0556b5bdc	1	0.02	121034.8
1	0	0.0	100000.0	895	400065	1536268372202364653	b0556b5bdc	0	0.02	121034.8
1	0	0.0	100000.0	895	400065	14608283289940781134	b0556b5bdc	4	0.02	118034.1
1	0	0.0	100000.0	895	400065	14608283289940781134	b0556b5bdc	3	0.02	118034.1
1	0	0.0	100000.0	895	400065	14608283289940781134	b0556b5bdc	2	0.02	118034.1
1	0	0.0	100000.0	895	400065	14608283289940781134	b0556b5bdc	1	0.02	118034.1
1	0	0.0	100000.0	895	400065	14608283289940781134	b0556b5bdc	0	0.02	118034.1
1	0	0.0	100000.0	8000	400000	8178370055831314543	b0556b5bdc	4	0.38	9510577.4
1	0	0.0	100000.0	8000	400000	8178370055831314543	b0556b5bdc	3	0.38	9510577.4
1	0	0.0	100000.0	8000	400000	8178370055831314543	b0556b5bdc	2	0.37	9510577.4
1	0	0.0	100000.0	8000	400000	8178370055831314543	b0556b5bdc	1	0.38	9510577.4
1	0	0.0	100000.0	8000	400000	8178370055831314543	b0556b5bdc	0	0.38	9510577.4
1	0	0.0	100000.0	8000	400000	755316621960084639	b0556b5bdc	4	0.39	9467825.9
1	0	0.0	100000.0	8000	400000	755316621960084639	b0556b5bdc	3	0.36	9467825.9
1	0	0.0	100000.0	8000	400000	755316621960084639	b0556b5bdc	2	0.40	9467825.9
1	0	0.0	100000.0	8000	400000	755316621960084639	b0556b5bdc	1	0.38	9467825.9
1	0	0.0	100000.0	8000	400000	755316621960084639	b0556b5bdc	0	0.37	9467825.9
1	0	0.0	100000.0	8000	400000	7109435998744908963	b0556b5bdc	4	0.40	9764166.9
1	0	0.0	100000.0	8000	400000	7109435998744908963	b0556b5bdc	3	0.39	9764166.9
1	0	0.0	100000.0	8000	400000	7109435998744908963	b0556b5bdc	2	0.36	9764166.9
1	0	0.0	100000.0	8000	400000	7109435998744908963	b0556b5bdc	1	0.42	9764166.9
1	0	0.0	100000.0	8000	400000	7109435998744908963	b0556b5bdc	0	0.38	9764166.9
1	0	0.0	100000.0	8000	400000	5634599153838738692	b0556b5bdc	4	0.37	9535429.4
1	0	0.0	100000.0	8000	400000	5634599153838738692	b0556b5bdc	3	0.37	9535429.4
1	0	0.0	100000.0	8000	400000	5634599153838738692	b0556b5bdc	2	0.38	9535429.4
1	0	0.0	100000.0	8000	400000	5634599153838738692	b0556b5bdc	1	0.37	9535429.4
1	0	0.0	100000.0	8000	400000	5634599153838738692	b0556b5bdc	0	0.39	9535429.4
1	0	0.0	100000.0	8000	400000	16278830066662925580	b0556b5bdc	4	0.37	9557252.2
1	0	0.0	100000.0	8000	400000	16278830066662925580	b0556b5bdc	3	0.38	9557252.2
1	0	0.0	100000.0	8000	400000	16278830066662925580	b0556b5bdc	2	0.39	9557252.2
1	0	0.0	100000.0	8000	400000	16278830066662925580	b0556b5bdc	1	0.37	9557252.2
1	0	0.0	100000.0	8000	400000	16278830066662925580	b0556b5bdc	0	0.36	9557252.2
1	0	0.0	100000.0	776	300700	7062495216961211968	b0556b5bdc	4	0.02	112623.7
1	0	0.0	100000.0	776	300700	7062495216961211968	b0556b5bdc	3	0.02	112623.7
1	0	0.0	100000.0	776	300700	7062495216961211968	b0556b5bdc	2	0.02	112623.7
1	0	0.0	100000.0	776	300700	7062495216961211968	b0556b5bdc	1	0.02	112623.7
1	0	0.0	100000.0	776	300700	7062495216961211968	b0556b5bdc	0	0.02	112623.7
1	0	0.0	100000.0	776	300700	6084104709231176045	b0556b5bdc	4	0.02	120547.8
1	0	0.0	100000.0	776	300700	6084104709231176045	b0556b5bdc	3	0.01	120547.8
1	0	0.0	100000.0	776	300700	6084104709231176045	b0556b5bdc	2	0.02	120547.8
1	0	0.0	100000.0	776	300700	6084104709231176045	b0556b5bdc	1	0.02	120547.8
1	0	0.0	100000.0	776	300700	6084104709231176045	b0556b5bdc	0	0.01	120547.8
1	0	0.0	100000.0	776	300700	5353785960934771661	b0556b5bdc	4	0.01	113742.9
1	0	0.0	100000.0	776	300700	5353785960934771661	b0556b5bdc	3	0.02	113742.9
1	0	0.0	100000.0	776	300700	5353785960934771661	b0556b5bdc	2	0.02	113742.9
1	0	0.0	100000.0	776	300700	5353785960934771661	b0556b5bdc	1	0.01	113742.9
1	0	0.0	100000.0	776	300700	5353785960934771661	b0556b5bdc	0	0.02	113742.9
1	0	0.0	100000.0	776	300700	15679862045385231065	b0556b5bdc	4	0.01	118059.3
1	0	0.0	100000.0	776	300700	15679862045385231065	b0556b5bdc	3	0.01	118059.3
1	0	0.0	100000.0	776	300700	15679862045385231065	b0556b5bdc	2	0.01	118059.3
1	0	0.0	100000.0	776	300700	15679862045385231065	b0556b5bdc	1	0.02	118059.3
1	0	0.0	100000.0	776	300700	15679862045385231065	b0556b5bdc	0	0.02	118059.3
1	0	0.0	100000.0	776	300700	1444808730792016342	b0556b5bdc	4	0.01	129762.4
1	0	0.0	100000.0	776	300700	1444808730792016342	b0556b5bdc	3	0.02	129762.4
1	0	0.0	100000.0	776	300700	1444808730792016342	b0556b5bdc	2	0.02	129762.4
1	0	0.0	100000.0	776	300700	1444808730792016342	b0556b5bdc	1	0.01	129762.4
1	0	0.0	100000.0	776	300700	1444808730792016342	b0556b5bdc	0	0.02	129762.4
1	0	0.0	100000.0	6666	1000000	9966520834141784236	b0556b5bdc	4	0.32	2695471.0
1	0	0.0	100000.0	6666	1000000	9966520834141784236	b0556b5bdc	3	0.32	2695471.0
1	0	0.0	100000.0	6666	1000000	9966520834141784236	b0556b5bdc	2	0.32	2695471.0
1	0	0.0	100000.0	6666	1000000	9966520834141784236	b0556b5bdc	1	0.33	2695471.0
1	0	0.0	100000.0	6666	1000000	9966520834141784236	b0556b5bdc	0	0.32	2695471.0
1	0	0.0	100000.0	6666	1000000	8293843303024253045	b0556b5bdc	4	0.35	2635680.2
1	0	0.0	100000.0	6666	1000000	8293843303024253045	b0556b5bdc	3	0.33	2635680.2
1	0	0.0	100000.0	6666	1000000	8293843303024253045	b0556b5bdc	2	0.29	2635680.2
1	0	0.0	100000.0	6666	1000000	8293843303024253045	b0556b5bdc	1	0.32	2635680.2
1	0	0.0	100000.0	6666	1000000	8293843303024253045	b0556b5bdc	0	0.31	2635680.2
1	0	0.0	100000.0	6666	1000000	4356534229021914824	b0556b5bdc	4	0.32	2657916.1
1	0	0.0	100000.0	6666	1000000	4356534229021914824	b0556b5bdc	3	0.31	2657916.1
1	0	0.0	100000.0	6666	1000000	4356534229021914824	b0556b5bdc	2	0.33	2657916.1
1	0	0.0	100000.0	6666	1000000	4356534229021914824	b0556b5bdc	1	0.34	2657916.1
1	0	0.0	100000.0	6666	1000000	4356534229021914824	b0556b5bdc	0	0.32	2657916.1
1	0	0.0	100000.0	6666	1000000	15027987145977349870	b0556b5bdc	4	0.34	2646799.3
1	0	0.0	100000.0	6666	1000000	15027987145977349870	b0556b5bdc	3	0.32	2646799.3
1	0	0.0	100000.0	6666	1000000	15027987145977349870	b0556b5bdc	2	0.31	2646799.3
1	0	0.0	100000.0	6666	1000000	15027987145977349870	b0556b5bdc	1	0.33	2646799.3
1	0	0.0	100000.0	6666	1000000	15027987145977349870	b0556b5bdc	0	0.34	2646799.3
1	0	0.0	100000.0	6666	1000000	13291031069107935518	b0556b5bdc	4	0.30	2719273.0
1	0	0.0	100000.0	6666	1000000	13291031069107935518	b0556b5bdc	3	0.32	2719273.0
1	0	0.0	100000.0	6666	1000000	13291031069107935518	b0556b5bdc	2	0.33	2719273.0
1	0	0.0	100000.0	6666	1000000	13291031069107935518	b0556b5bdc	1	0.33	2719273.0
1	0	0.0	100000.0	6666	1000000	13291031069107935518	b0556b5bdc	0	0.32	2719273.0
1	0	0.0	100000.0	6666	10000000	6334304201177435535	b0556b5bdc	4	1.00	263603.7
1	0	0.0	100000.0	6666	10000000	6334304201177435535	b0556b5bdc	3	1.02	263603.7
1	0	0.0	100000.0	6666	10000000	6334304201177435535	b0556b5bdc	2	1.00	263603.7
1	0	0.0	100000.0	6666	10000000	6334304201177435535	b0556b5bdc	1	1.03	263603.7
1	0	0.0	100000.0	6666	10000000	6334304201177435535	b0556b5bdc	0	1.04	263603.7
1	0	0.0	100000.0	6666	10000000	6315500809367382057	b0556b5bdc	4	1.02	264416.4
1	0	0.0	100000.0	6666	10000000	6315500809367382057	b0556b5bdc	3	1.02	264416.4
1	0	0.0	100000.0	6666	10000000	6315500809367382057	b0556b5bdc	2	1.04	264416.4
1	0	0.0	100000.0	6666	10000000	6315500809367382057	b0556b5bdc	1	1.02	264416.4
1	0	0.0	100000.0	6666	10000000	6315500809367382057	b0556b5bdc	0	1.01	264416.4
1	0	0.0	100000.0	6666	10000000	18101335945181033192	b0556b5bdc	4	1.04	270176.4
1	0	0.0	100000.0	6666	10000000	18101335945181033192	b0556b5bdc	3	1.03	270176.4
1	0	0.0	100000.0	6666	10000000	18101335945181033192	b0556b5bdc	2	1.01	270176.4
1	0	0.0	100000.0	6666	10000000	18101335945181033192	b0556b5bdc	1	1.05	270176.4
1	0	0.0	100000.0	6666	10000000	18101335945181033192	b0556b5bdc	0	1.05	270176.4
1	0	0.0	100000.0	6666	10000000	16097821271253099142	b0556b5bdc	4	1.03	270289.3
1	0	0.0	100000.0	6666	10000000	16097821271253099142	b0556b5bdc	3	1.05	270289.3
1	0	0.0	100000.0	6666	10000000	16097821271253099142	b0556b5bdc	2	1.04	270289.3
1	0	0.0	100000.0	6666	10000000	16097821271253099142	b0556b5bdc	1	1.03	270289.3
1	0	0.0	100000.0	6666	10000000	16097821271253099142	b0556b5bdc	0	1.01	270289.3
1	0	0.0	100000.0	6666	10000000	11814315463814603712	b0556b5bdc	4	1.04	263096.2
1	0	0.0	100000.0	6666	10000000	11814315463814603712	b0556b5bdc	3	1.01	263096.2
1	0	0.0	100000.0	6666	10000000	11814315463814603712	b0556b5bdc	2	1.04	263096.2
1	0	0.0	100000.0	6666	10000000	11814315463814603712	b0556b5bdc	1	1.07	263096.2
1	0	0.0	100000.0	6666	10000000	11814315463814603712	b0556b5bdc	0	1.07	263096.2
1	0	0.0	100000.0	666	100000	8211211464294972040	b0556b5bdc	4	0.01	241395.4
1	0	0.0	100000.0	666	100000	8211211464294972040	b0556b5bdc	3	0.00	241395.4
1	0	0.0	100000.0	666	100000	8211211464294972040	b0556b5bdc	2	0.00	241395.4
1	0	0.0	100000.0	666	100000	8211211464294972040	b0556b5bdc	1	0.00	241395.4
1	0	0.0	100000.0	666	100000	8211211464294972040	b0556b5bdc	0	0.00	241395.4
1	0	0.0	100000.0	666	100000	5880970769109285748	b0556b5bdc	4	0.01	252210.7
1	0	0.0	100000.0	666	100000	5880970769109285748	b0556b5bdc	3	0.00	252210.7
1	0	0.0	100000.0	666	100000	5880970769109285748	b0556b5bdc	2	0.00	252210.7
1	0	0.0	100000.0	666	100000	5880970769109285748	b0556b5bdc	1	0.00	252210.7
1	0	0.0	100000.0	666	100000	5880970769109285748	b0556b5bdc	0	0.00	252210.7
1	0	0.0	100000.0	666	100000	1760500639743977083	b0556b5bdc	4	0.00	263774.4
1	0	0.0	100000.0	666	100000	1760500639743977083	b0556b5bdc	3	0.00	263774.4
1	0	0.0	100000.0	666	100000	1760500639743977083	b0556b5bdc	2	0.00	263774.4
1	0	0.0	100000.0	666	100000	1760500639743977083	b0556b5bdc	1	0.01	263774.4
1	0	0.0	100000.0	666	100000	1760500639743977083	b0556b5bdc	0	0.00	263774.4
1	0	0.0	100000.0	666	100000	1448273828449851834	b0556b5bdc	4	0.00	273359.4
1	0	0.0	100000.0	666	100000	1448273828449851834	b0556b5bdc	3	0.00	273359.4
1	0	0.0	100000.0	666	100000	1448273828449851834	b0556b5bdc	2	0.00	273359.4
1	0	0.0	100000.0	666	100000	1448273828449851834	b0556b5bdc	1	0.00	273359.4
1	0	0.0	100000.0	666	100000	1448273828449851834	b0556b5bdc	0	0.00	273359.4
1	0	0.0	100000.0	666	100000	10370300683978787574	b0556b5bdc	4	0.00	288440.8
1	0	0.0	100000.0	666	100000	10370300683978787574	b0556b5bdc	3	0.00	288440.8
1	0	0.0	100000.0	666	100000	10370300683978787574	b0556b5bdc	2	0.01	288440.8
1	0	0.0	100000.0	666	100000	10370300683978787574	b0556b5bdc	1	0.00	288440.8
1	0	0.0	100000.0	666	100000	10370300683978787574	b0556b5bdc	0	0.00	288440.8
1	0	0.0	100000.0	633	200028	4062806755422012841	b0556b5bdc	4	0.01	125130.0
1	0	0.0	100000.0	633	200028	4062806755422012841	b0556b5bdc	3	0.01	125130.0
1	0	0.0	100000.0	633	200028	4062806755422012841	b0556b5bdc	2	0.01	125130.0
1	0	0.0	100000.0	633	200028	4062806755422012841	b0556b5bdc	1	0.01	125130.0
1	0	0.0	100000.0	633	200028	4062806755422012841	b0556b5bdc	0	0.00	125130.0
1	0	0.0	100000.0	633	200028	2143900377532590080	b0556b5bdc	4	0.01	116291.3
1	0	0.0	100000.0	633	200028	2143900377532590080	b0556b5bdc	3	0.00	116291.3
1	0	0.0	100000.0	633	200028	2143900377532590080	b0556b5bdc	2	0.01	116291.3
1	0	0.0	100000.0	633	200028	2143900377532590080	b0556b5bdc	1	0.01	116291.3
1	0	0.0	100000.0	633	200028	2143900377532590080	b0556b5bdc	0	0.01	116291.3
1	0	0.0	100000.0	633	200028	172317727265506857	b0556b5bdc	4	0.01	127054.8
1	0	0.0	100000.0	633	200028	172317727265506857	b0556b5bdc	3	0.01	127054.8
1	0	0.0	100000.0	633	200028	172317727265506857	b0556b5bdc	2	0.01	127054.8
1	0	0.0	100000.0	633	200028	172317727265506857	b0556b5bdc	1	0.01	127054.8
1	0	0.0	100000.0	633	200028	172317727265506857	b0556b5bdc	0	0.01	127054.8
1	0	0.0	100000.0	633	200028	12719845122852301949	b0556b5bdc	4	0.01	118793.0
1	0	0.0	100000.0	633	200028	12719845122852301949	b0556b5bdc	3	0.01	118793.0
1	0	0.0	100000.0	633	200028	12719845122852301949	b0556b5bdc	2	0.00	118793.0
1	0	0.0	100000.0	633	200028	12719845122852301949	b0556b5bdc	1	0.01	118793.0
1	0	0.0	100000.0	633	200028	12719845122852301949	b0556b5bdc	0	0.01	118793.0
1	0	0.0	100000.0	633	200028	10808559031493456036	b0556b5bdc	4	0.01	124428.4
1	0	0.0	100000.0	633	200028	10808559031493456036	b0556b5bdc	3	0.01	124428.4
1	0	0.0	100000.0	633	200028	10808559031493456036	b0556b5bdc	2	0.00	124428.4
1	0	0.0	100000.0	633	200028	10808559031493456036	b0556b5bdc	1	0.01	124428.4
1	0	0.0	100000.0	633	200028	10808559031493456036	b0556b5bdc	0	0.01	124428.4
1	0	0.0	100000.0	6000	9000000	6310172644662009711	b0556b5bdc	4	0.89	239266.3
1	0	0.0	100000.0	6000	9000000	6310172644662009711	b0556b5bdc	3	0.90	239266.3
1	0	0.0	100000.0	6000	9000000	6310172644662009711	b0556b5bdc	2	0.90	239266.3
1	0	0.0	100000.0	6000	9000000	6310172644662009711	b0556b5bdc	1	0.91	239266.3
1	0	0.0	100000.0	6000	9000000	6310172644662009711	b0556b5bdc	0	0.91	239266.3
1	0	0.0	100000.0	6000	9000000	5052341106461448491	b0556b5bdc	4	0.91	239921.2
1	0	0.0	100000.0	6000	9000000	5052341106461448491	b0556b5bdc	3	0.89	239921.2
1	0	0.0	100000.0	6000	9000000	5052341106461448491	b0556b5bdc	2	0.88	239921.2
1	0	0.0	100000.0	6000	9000000	5052341106461448491	b0556b5bdc	1	0.90	239921.2
1	0	0.0	100000.0	6000	9000000	5052341106461448491	b0556b5bdc	0	0.92	239921.2
1	0	0.0	100000.0	6000	9000000	3981615899677582944	b0556b5bdc	4	0.93	233627.3
1	0	0.0	100000.0	6000	9000000	3981615899677582944	b0556b5bdc	3	0.90	233627.3
1	0	0.0	100000.0	6000	9000000	3981615899677582944	b0556b5bdc	2	0.94	233627.3
1	0	0.0	100000.0	6000	9000000	3981615899677582944	b0556b5bdc	1	0.89	233627.3
1	0	0.0	100000.0	6000	9000000	3981615899677582944	b0556b5bdc	0	0.91	233627.3
1	0	0.0	100000.0	6000	9000000	13168880595183425512	b0556b5bdc	4	0.91	238066.2
1	0	0.0	100000.0	6000	9000000	13168880595183425512	b0556b5bdc	3	0.91	238066.2
1	0	0.0	100000.0	6000	9000000	13168880595183425512	b0556b5bdc	2	0.92	238066.2
1	0	0.0	100000.0	6000	9000000	13168880595183425512	b0556b5bdc	1	0.92	238066.2
1	0	0.0	100000.0	6000	9000000	13168880595183425512	b0556b5bdc	0	0.87	238066.2
1	0	0.0	100000.0	6000	9000000	12313859973247412685	b0556b5bdc	4	0.92	243544.4
1	0	0.0	100000.0	6000	9000000	12313859973247412685	b0556b5bdc	3	0.92	243544.4
1	0	0.0	100000.0	6000	9000000	12313859973247412685	b0556b5bdc	2	0.93	243544.4
1	0	0.0	100000.0	6000	9000000	12313859973247412685	b0556b5bdc	1	0.92	243544.4
1	0	0.0	100000.0	6000	9000000	12313859973247412685	b0556b5bdc	0	0.93	243544.4
1	0	0.0	100000.0	6000	300000	6217696594726391146	b0556b5bdc	4	0.22	7344451.0
1	0	0.0	100000.0	6000	300000	6217696594726391146	b0556b5bdc	3	0.23	7344451.0
1	0	0.0	100000.0	6000	300000	6217696594726391146	b0556b5bdc	2	0.21	7344451.0
1	0	0.0	100000.0	6000	300000	6217696594726391146	b0556b5bdc	1	0.21	7344451.0
1	0	0.0	100000.0	6000	300000	6217696594726391146	b0556b5bdc	0	0.23	7344451.0
1	0	0.0	100000.0	6000	300000	5317395321297748599	b0556b5bdc	4	0.21	7284813.1
1	0	0.0	100000.0	6000	300000	5317395321297748599	b0556b5bdc	3	0.21	7284813.1
1	0	0.0	100000.0	6000	300000	5317395321297748599	b0556b5bdc	2	0.23	7284813.1
1	0	0.0	100000.0	6000	300000	5317395321297748599	b0556b5bdc	1	0.23	7284813.1
1	0	0.0	100000.0	6000	300000	5317395321297748599	b0556b5bdc	0	0.22	7284813.1
1	0	0.0	100000.0	6000	300000	16876383314341572275	b0556b5bdc	4	0.24	7123243.9
1	0	0.0	100000.0	6000	300000	16876383314341572275	b0556b5bdc	3	0.23	7123243.9
1	0	0.0	100000.0	6000	300000	16876383314341572275	b0556b5bdc	2	0.23	7123243.9
1	0	0.0	100000.0	6000	300000	16876383314341572275	b0556b5bdc	1	0.20	7123243.9
1	0	0.0	100000.0	6000	300000	16876383314341572275	b0556b5bdc	0	0.22	7123243.9
1	0	0.0	100000.0	6000	300000	14845490920887700563	b0556b5bdc	4	0.21	7197953.7
1	0	0.0	100000.0	6000	300000	14845490920887700563	b0556b5bdc	3	0.22	7197953.7
1	0	0.0	100000.0	6000	300000	14845490920887700563	b0556b5bdc	2	0.23	7197953.7
1	0	0.0	100000.0	6000	300000	14845490920887700563	b0556b5bdc	1	0.21	7197953.7
1	0	0.0	100000.0	6000	300000	14845490920887700563	b0556b5bdc	0	0.21	7197953.7
1	0	0.0	100000.0	6000	300000	13519136763786287466	b0556b5bdc	4	0.21	7212158.6
1	0	0.0	100000.0	6000	300000	13519136763786287466	b0556b5bdc	3	0.22	7212158.6
1	0	0.0	100000.0	6000	300000	13519136763786287466	b0556b5bdc	2	0.22	7212158.6
1	0	0.0	100000.0	6000	300000	13519136763786287466	b0556b5bdc	1	0.22	7212158.6
1	0	0.0	100000.0	6000	300000	13519136763786287466	b0556b5bdc	0	0.22	7212158.6
1	0	0.0	100000.0	5333	8000000	8877577877613262218	b0556b5bdc	4	0.76	215187.9
1	0	0.0	100000.0	5333	8000000	8877577877613262218	b0556b5bdc	3	0.81	215187.9
1	0	0.0	100000.0	5333	8000000	8877577877613262218	b0556b5bdc	2	0.79	215187.9
1	0	0.0	100000.0	5333	8000000	8877577877613262218	b0556b5bdc	1	0.79	215187.9
1	0	0.0	100000.0	5333	8000000	8877577877613262218	b0556b5bdc	0	0.79	215187.9
1	0	0.0	100000.0	5333	8000000	3443513576556580598	b0556b5bdc	4	0.79	210104.0
1	0	0.0	100000.0	5333	8000000	3443513576556580598	b0556b5bdc	3	0.80	210104.0
1	0	0.0	100000.0	5333	8000000	3443513576556580598	b0556b5bdc	2	0.78	210104.0
1	0	0.0	100000.0	5333	8000000	3443513576556580598	b0556b5bdc	1	0.80	210104.0
1	0	0.0	100000.0	5333	8000000	3443513576556580598	b0556b5bdc	0	0.80	210104.0
1	0	0.0	100000.0	5333	8000000	3070436822323462774	b0556b5bdc	4	0.80	212277.5
1	0	0.0	100000.0	5333	8000000	3070436822323462774	b0556b5bdc	3	0.79	212277.5
1	0	0.0	100000.0	5333	8000000	3070436822323462774	b0556b5bdc	2	0.81	212277.5
1	0	0.0	100000.0	5333	8000000	3070436822323462774	b0556b5bdc	1	0.79	212277.5
1	0	0.0	100000.0	5333	8000000	3070436822323462774	b0556b5bdc	0	0.80	212277.5
1	0	0.0	100000.0	5333	8000000	1959801749523748169	b0556b5bdc	4	0.78	211447.5
1	0	0.0	100000.0	5333	8000000	1959801749523748169	b0556b5bdc	3	0.78	211447.5
1	0	0.0	100000.0	5333	8000000	1959801749523748169	b0556b5bdc	2	0.76	211447.5
1	0	0.0	100000.0	5333	8000000	1959801749523748169	b0556b5bdc	1	0.81	211447.5
1	0	0.0	100000.0	5333	8000000	1959801749523748169	b0556b5bdc	0	0.78	211447.5
1	0	0.0	100000.0	5333	8000000	16038720761884372260	b0556b5bdc	4	0.79	215445.8
1	0	0.0	100000.0	5333	8000000	16038720761884372260	b0556b5bdc	3	0.78	215445.8
1	0	0.0	100000.0	5333	8000000	16038720761884372260	b0556b5bdc	2	0.79	215445.8
1	0	0.0	100000.0	5333	8000000	16038720761884372260	b0556b5bdc	1	0.78	215445.8
1	0	0.0	100000.0	5333	8000000	16038720761884372260	b0556b5bdc	0	0.77	215445.8
1	0	0.0	100000.0	4666	7000000	828215655179792699	b0556b5bdc	4	0.67	183408.9
1	0	0.0	100000.0	4666	7000000	828215655179792699	b0556b5bdc	3	0.66	183408.9
1	0	0.0	100000.0	4666	7000000	828215655179792699	b0556b5bdc	2	0.65	183408.9
1	0	0.0	100000.0	4666	7000000	828215655179792699	b0556b5bdc	1	0.67	183408.9
1	0	0.0	100000.0	4666	7000000	828215655179792699	b0556b5bdc	0	0.66	183408.9
1	0	0.0	100000.0	4666	7000000	7178059685819518013	b0556b5bdc	4	0.68	184778.2
1	0	0.0	100000.0	4666	7000000	7178059685819518013	b0556b5bdc	3	0.66	184778.2
1	0	0.0	100000.0	4666	7000000	7178059685819518013	b0556b5bdc	2	0.67	184778.2
1	0	0.0	100000.0	4666	7000000	7178059685819518013	b0556b5bdc	1	0.68	184778.2
1	0	0.0	100000.0	4666	7000000	7178059685819518013	b0556b5bdc	0	0.67	184778.2
1	0	0.0	100000.0	4666	7000000	5513993795884221396	b0556b5bdc	4	0.67	187369.8
1	0	0.0	100000.0	4666	7000000	5513993795884221396	b0556b5bdc	3	0.68	187369.8
1	0	0.0	100000.0	4666	7000000	5513993795884221396	b0556b5bdc	2	0.67	187369.8
1	0	0.0	100000.0	4666	7000000	5513993795884221396	b0556b5bdc	1	0.68	187369.8
1	0	0.0	100000.0	4666	7000000	5513993795884221396	b0556b5bdc	0	0.68	187369.8
1	0	0.0	100000.0	4666	7000000	14507103634590178114	b0556b5bdc	4	0.69	196378.8
1	0	0.0	100000.0	4666	7000000	14507103634590178114	b0556b5bdc	3	0.66	196378.8
1	0	0.0	100000.0	4666	7000000	14507103634590178114	b0556b5bdc	2	0.67	196378.8
1	0	0.0	100000.0	4666	7000000	14507103634590178114	b0556b5bdc	1	0.67	196378.8
1	0	0.0	100000.0	4666	7000000	14507103634590178114	b0556b5bdc	0	0.67	196378.8
1	0	0.0	100000.0	4666	7000000	10623182125740832759	b0556b5bdc	4	0.68	186960.0
1	0	0.0	100000.0	4666	7000000	10623182125740832759	b0556b5bdc	3	0.67	186960.0
1	0	0.0	100000.0	4666	7000000	10623182125740832759	b0556b5bdc	2	0.69	186960.0
1	0	0.0	100000.0	4666	7000000	10623182125740832759	b0556b5bdc	1	0.68	186960.0
1	0	0.0	100000.0	4666	7000000	10623182125740832759	b0556b5bdc	0	0.67	186960.0
1	0	0.0	100000.0	448	100128	3641317849144040426	b0556b5bdc	4	0.00	122117.6
1	0	0.0	100000.0	448	100128	3641317849144040426	b0556b5bdc	3	0.00	122117.6
1	0	0.0	100000.0	448	100128	3641317849144040426	b0556b5bdc	2	0.00	122117.6
1	0	0.0	100000.0	448	100128	3641317849144040426	b0556b5bdc	1	0.00	122117.6
1	0	0.0	100000.0	448	100128	3641317849144040426	b0556b5bdc	0	0.00	122117.6
1	0	0.0	100000.0	448	100128	15745475670390588204	b0556b5bdc	4	0.00	119831.4
1	0	0.0	100000.0	448	100128	15745475670390588204	b0556b5bdc	3	0.00	119831.4
1	0	0.0	100000.0	448	100128	15745475670390588204	b0556b5bdc	2	0.00	119831.4
1	0	0.0	100000.0	448	100128	15745475670390588204	b0556b5bdc	1	0.00	119831.4
1	0	0.0	100000.0	448	100128	15745475670390588204	b0556b5bdc	0	0.00	119831.4
1	0	0.0	100000.0	448	100128	15535079078970426736	b0556b5bdc	4	0.00	115107.2
1	0	0.0	100000.0	448	100128	15535079078970426736	b0556b5bdc	3	0.00	115107.2
1	0	0.0	100000.0	448	100128	15535079078970426736	b0556b5bdc	2	0.00	115107.2
1	0	0.0	100000.0	448	100128	15535079078970426736	b0556b5bdc	1	0.00	115107.2
1	0	0.0	100000.0	448	100128	15535079078970426736	b0556b5bdc	0	0.00	115107.2
1	0	0.0	100000.0	448	100128	14383648850884890768	b0556b5bdc	4	0.00	110647.2
1	0	0.0	100000.0	448	100128	14383648850884890768	b0556b5bdc	3	0.00	110647.2
1	0	0.0	100000.0	448	100128	14383648850884890768	b0556b5bdc	2	0.00	110647.2
1	0	0.0	100000.0	448	100128	14383648850884890768	b0556b5bdc	1	0.00	110647.2
1	0	0.0	100000.0	448	100128	14383648850884890768	b0556b5bdc	0	0.00	110647.2
1	0	0.0	100000.0	448	100128	1144473762101761719	b0556b5bdc	4	0.00	117491.1
1	0	0.0	100000.0	448	100128	1144473762101761719	b0556b5bdc	3	0.00	117491.1
1	0	0.0	100000.0	448	100128	1144473762101761719	b0556b5bdc	2	0.00	117491.1
1	0	0.0	100000.0	448	100128	1144473762101761719	b0556b5bdc	1	0.00	117491.1
1	0	0.0	100000.0	448	100128	1144473762101761719	b0556b5bdc	0	0.00	117491.1
1	0	0.0	100000.0	4473	10001628	7379400662804615638	b0556b5bdc	4	0.74	120798.6
1	0	0.0	100000.0	4473	10001628	7379400662804615638	b0556b5bdc	3	0.69	120798.6
1	0	0.0	100000.0	4473	10001628	7379400662804615638	b0556b5bdc	2	0.67	120798.6
1	0	0.0	100000.0	4473	10001628	7379400662804615638	b0556b5bdc	1	0.69	120798.6
1	0	0.0	100000.0	4473	10001628	7379400662804615638	b0556b5bdc	0	0.71	120798.6
1	0	0.0	100000.0	4473	10001628	60442884859400797	b0556b5bdc	4	0.70	123166.1
1	0	0.0	100000.0	4473	10001628	60442884859400797	b0556b5bdc	3	0.69	123166.1
1	0	0.0	100000.0	4473	10001628	60442884859400797	b0556b5bdc	2	0.69	123166.1
1	0	0.0	100000.0	4473	10001628	60442884859400797	b0556b5bdc	1	0.73	123166.1
1	0	0.0	100000.0	4473	10001628	60442884859400797	b0556b5bdc	0	0.69	123166.1
1	0	0.0	100000.0	4473	10001628	17713476692273780954	b0556b5bdc	4	0.70	116482.1
1	0	0.0	100000.0	4473	10001628	17713476692273780954	b0556b5bdc	3	0.70	116482.1
1	0	0.0	100000.0	4473	10001628	17713476692273780954	b0556b5bdc	2	0.69	116482.1
1	0	0.0	100000.0	4473	10001628	17713476692273780954	b0556b5bdc	1	0.68	116482.1
1	0	0.0	100000.0	4473	10001628	17713476692273780954	b0556b5bdc	0	0.70	116482.1
1	0	0.0	100000.0	4473	10001628	1297378641850162346	b0556b5bdc	4	0.69	118899.6
1	0	0.0	100000.0	4473	10001628	1297378641850162346	b0556b5bdc	3	0.70	118899.6
1	0	0.0	100000.0	4473	10001628	1297378641850162346	b0556b5bdc	2	0.68	118899.6
1	0	0.0	100000.0	4473	10001628	1297378641850162346	b0556b5bdc	1	0.69	118899.6
1	0	0.0	100000.0	4473	10001628	1297378641850162346	b0556b5bdc	0	0.69	118899.6
1	0	0.0	100000.0	4473	10001628	10115597953345275263	b0556b5bdc	4	0.71	119089.2
1	0	0.0	100000.0	4473	10001628	10115597953345275263	b0556b5bdc	3	0.71	119089.2
1	0	0.0	100000.0	4473	10001628	10115597953345275263	b0556b5bdc	2	0.71	119089.2
1	0	0.0	100000.0	4473	10001628	10115597953345275263	b0556b5bdc	1	0.72	119089.2
1	0	0.0	100000.0	4473	10001628	10115597953345275263	b0556b5bdc	0	0.72	119089.2
1	0	0.0	100000.0	4244	9003646	9788850697165700306	b0556b5bdc	4	0.62	123792.9
1	0	0.0	100000.0	4244	9003646	9788850697165700306	b0556b5bdc	3	0.63	123792.9
1	0	0.0	100000.0	4244	9003646	9788850697165700306	b0556b5bdc	2	0.62	123792.9
1	0	0.0	100000.0	4244	9003646	9788850697165700306	b0556b5bdc	1	0.62	123792.9
1	0	0.0	100000.0	4244	9003646	9788850697165700306	b0556b5bdc	0	0.63	123792.9
1	0	0.0	100000.0	4244	9003646	16463650232931526353	b0556b5bdc	4	0.61	116514.4
1	0	0.0	100000.0	4244	9003646	16463650232931526353	b0556b5bdc	3	0.63	116514.4
1	0	0.0	100000.0	4244	9003646	16463650232931526353	b0556b5bdc	2	0.61	116514.4
1	0	0.0	100000.0	4244	9003646	16463650232931526353	b0556b5bdc	1	0.63	116514.4
1	0	0.0	100000.0	4244	9003646	16463650232931526353	b0556b5bdc	0	0.64	116514.4
1	0	0.0	100000.0	4244	9003646	15998940543895305699	b0556b5bdc	4	0.62	119772.5
1	0	0.0	100000.0	4244	9003646	15998940543895305699	b0556b5bdc	3	0.62	119772.5
1	0	0.0	100000.0	4244	9003646	15998940543895305699	b0556b5bdc	2	0.63	119772.5
1	0	0.0	100000.0	4244	9003646	15998940543895305699	b0556b5bdc	1	0.64	119772.5
1	0	0.0	100000.0	4244	9003646	15998940543895305699	b0556b5bdc	0	0.63	119772.5
1	0	0.0	100000.0	4244	9003646	13214286813614948699	b0556b5bdc	4	0.64	120529.7
1	0	0.0	100000.0	4244	9003646	13214286813614948699	b0556b5bdc	3	0.63	120529.7
1	0	0.0	100000.0	4244	9003646	13214286813614948699	b0556b5bdc	2	0.63	120529.7
1	0	0.0	100000.0	4244	9003646	13214286813614948699	b0556b5bdc	1	0.61	120529.7
1	0	0.0	100000.0	4244	9003646	13214286813614948699	b0556b5bdc	0	0.63	120529.7
1	0	0.0	100000.0	4244	9003646	12655678373223007416	b0556b5bdc	4	0.64	120806.2
1	0	0.0	100000.0	4244	9003646	12655678373223007416	b0556b5bdc	3	0.62	120806.2
1	0	0.0	100000.0	4244	9003646	12655678373223007416	b0556b5bdc	2	0.63	120806.2
1	0	0.0	100000.0	4244	9003646	12655678373223007416	b0556b5bdc	1	0.65	120806.2
1	0	0.0	100000.0	4244	9003646	12655678373223007416	b0556b5bdc	0	0.63	120806.2
1	0	0.0	100000.0	4001	8002000	3223645154651109485	b0556b5bdc	4	0.56	118118.9
1	0	0.0	100000.0	4001	8002000	3223645154651109485	b0556b5bdc	3	0.54	118118.9
1	0	0.0	100000.0	4001	8002000	3223645154651109485	b0556b5bdc	2	0.55	118118.9
1	0	0.0	100000.0	4001	8002000	3223645154651109485	b0556b5bdc	1	0.56	118118.9
1	0	0.0	100000.0	4001	8002000	3223645154651109485	b0556b5bdc	0	0.56	118118.9
1	0	0.0	100000.0	4001	8002000	2718701008229212526	b0556b5bdc	4	0.66	120718.4
1	0	0.0	100000.0	4001	8002000	2718701008229212526	b0556b5bdc	3	0.56	120718.4
1	0	0.0	100000.0	4001	8002000	2718701008229212526	b0556b5bdc	2	0.57	120718.4
1	0	0.0	100000.0	4001	8002000	2718701008229212526	b0556b5bdc	1	0.56	120718.4
1	0	0.0	100000.0	4001	8002000	2718701008229212526	b0556b5bdc	0	0.57	120718.4
1	0	0.0	100000.0	4001	8002000	1701795900310665835	b0556b5bdc	4	0.56	118781.6
1	0	0.0	100000.0	4001	8002000	1701795900310665835	b0556b5bdc	3	0.56	118781.6
1	0	0.0	100000.0	4001	8002000	1701795900310665835	b0556b5bdc	2	0.56	118781.6
1	0	0.0	100000.0	4001	8002000	1701795900310665835	b0556b5bdc	1	0.55	118781.6
1	0	0.0	100000.0	4001	8002000	1701795900310665835	b0556b5bdc	0	0.56	118781.6
1	0	0.0	100000.0	4001	8002000	11634228235516935949	b0556b5bdc	4	0.55	119667.0
1	0	0.0	100000.0	4001	8002000	11634228235516935949	b0556b5bdc	3	0.55	119667.0
1	0	0.0	100000.0	4001	8002000	11634228235516935949	b0556b5bdc	2	0.54	119667.0
1	0	0.0	100000.0	4001	8002000	11634228235516935949	b0556b5bdc	1	0.55	119667.0
1	0	0.0	100000.0	4001	8002000	11634228235516935949	b0556b5bdc	0	0.54	119667.0
1	0	0.0	100000.0	4001	8002000	11122792305679349330	b0556b5bdc	4	0.56	119767.3
1	0	0.0	100000.0	4001	8002000	11122792305679349330	b0556b5bdc	3	0.57	119767.3
1	0	0.0	100000.0	4001	8002000	11122792305679349330	b0556b5bdc	2	0.56	119767.3
1	0	0.0	100000.0	4001	8002000	11122792305679349330	b0556b5bdc	1	0.58	119767.3
1	0	0.0	100000.0	4001	8002000	11122792305679349330	b0556b5bdc	0	0.56	119767.3
1	0	0.0	100000.0	4000	600000	5375802438930777180	b0556b5bdc	4	0.14	1610872.0
1	0	0.0	100000.0	4000	600000	5375802438930777180	b0556b5bdc	3	0.14	1610872.0
1	0	0.0	100000.0	4000	600000	5375802438930777180	b0556b5bdc	2	0.14	1610872.0
1	0	0.0	100000.0	4000	600000	5375802438930777180	b0556b5bdc	1	0.13	1610872.0
1	0	0.0	100000.0	4000	600000	5375802438930777180	b0556b5bdc	0	0.14	1610872.0
1	0	0.0	100000.0	4000	600000	18282404505898927552	b0556b5bdc	4	0.12	1594139.3
1	0	0.0	100000.0	4000	600000	18282404505898927552	b0556b5bdc	3	0.13	1594139.3
1	0	0.0	100000.0	4000	600000	18282404505898927552	b0556b5bdc	2	0.11	1594139.3
1	0	0.0	100000.0	4000	600000	18282404505898927552	b0556b5bdc	1	0.11	1594139.3
1	0	0.0	100000.0	4000	600000	18282404505898927552	b0556b5bdc	0	0.14	1594139.3
1	0	0.0	100000.0	4000	600000	16320061937582831419	b0556b5bdc	4	0.13	1578894.8
1	0	0.0	100000.0	4000	600000	16320061937582831419	b0556b5bdc	3	0.15	1578894.8
1	0	0.0	100000.0	4000	600000	16320061937582831419	b0556b5bdc	2	0.14	1578894.8
1	0	0.0	100000.0	4000	600000	16320061937582831419	b0556b5bdc	1	0.13	1578894.8
1	0	0.0	100000.0	4000	600000	16320061937582831419	b0556b5bdc	0	0.14	1578894.8
1	0	0.0	100000.0	4000	600000	16147720538079542666	b0556b5bdc	4	0.14	1577981.2
1	0	0.0	100000.0	4000	600000	16147720538079542666	b0556b5bdc	3	0.14	1577981.2
1	0	0.0	100000.0	4000	600000	16147720538079542666	b0556b5bdc	2	0.14	1577981.2
1	0	0.0	100000.0	4000	600000	16147720538079542666	b0556b5bdc	1	0.14	1577981.2
1	0	0.0	100000.0	4000	600000	16147720538079542666	b0556b5bdc	0	0.13	1577981.2
1	0	0.0	100000.0	4000	600000	15268828896274428944	b0556b5bdc	4	0.13	1577269.9
1	0	0.0	100000.0	4000	600000	15268828896274428944	b0556b5bdc	3	0.12	1577269.9
1	0	0.0	100000.0	4000	600000	15268828896274428944	b0556b5bdc	2	0.13	1577269.9
1	0	0.0	100000.0	4000	600000	15268828896274428944	b0556b5bdc	1	0.12	1577269.9
1	0	0.0	100000.0	4000	600000	15268828896274428944	b0556b5bdc	0	0.12	1577269.9
1	0	0.0	100000.0	4000	6000000	7931701955387166256	b0556b5bdc	4	0.56	163635.0
1	0	0.0	100000.0	4000	6000000	7931701955387166256	b0556b5bdc	3	0.56	163635.0
1	0	0.0	100000.0	4000	6000000	7931701955387166256	b0556b5bdc	2	0.55	163635.0
1	0	0.0	100000.0	4000	6000000	7931701955387166256	b0556b5bdc	1	0.56	163635.0
1	0	0.0	100000.0	4000	6000000	7931701955387166256	b0556b5bdc	0	0.57	163635.0
1	0	0.0	100000.0	4000	6000000	5152350791129473283	b0556b5bdc	4	0.53	160587.4
1	0	0.0	100000.0	4000	6000000	5152350791129473283	b0556b5bdc	3	0.54	160587.4
1	0	0.0	100000.0	4000	6000000	5152350791129473283	b0556b5bdc	2	0.55	160587.4
1	0	0.0	100000.0	4000	6000000	5152350791129473283	b0556b5bdc	1	0.55	160587.4
1	0	0.0	100000.0	4000	6000000	5152350791129473283	b0556b5bdc	0	0.56	160587.4
1	0	0.0	100000.0	4000	6000000	4180534009300354281	b0556b5bdc	4	0.56	156477.1
1	0	0.0	100000.0	4000	6000000	4180534009300354281	b0556b5bdc	3	0.55	156477.1
1	0	0.0	100000.0	4000	6000000	4180534009300354281	b0556b5bdc	2	0.56	156477.1
1	0	0.0	100000.0	4000	6000000	4180534009300354281	b0556b5bdc	1	0.53	156477.1
1	0	0.0	100000.0	4000	6000000	4180534009300354281	b0556b5bdc	0	0.56	156477.1
1	0	0.0	100000.0	4000	6000000	2057363788665043824	b0556b5bdc	4	0.55	160524.6
1	0	0.0	100000.0	4000	6000000	2057363788665043824	b0556b5bdc	3	0.56	160524.6
1	0	0.0	100000.0	4000	6000000	2057363788665043824	b0556b5bdc	2	0.56	160524.6
1	0	0.0	100000.0	4000	6000000	2057363788665043824	b0556b5bdc	1	0.56	160524.6
1	0	0.0	100000.0	4000	6000000	2057363788665043824	b0556b5bdc	0	0.60	160524.6
1	0	0.0	100000.0	4000	6000000	15202720149499372925	b0556b5bdc	4	0.56	159407.4
1	0	0.0	100000.0	4000	6000000	15202720149499372925	b0556b5bdc	3	0.54	159407.4
1	0	0.0	100000.0	4000	6000000	15202720149499372925	b0556b5bdc	2	0.56	159407.4
1	0	0.0	100000.0	4000	6000000	15202720149499372925	b0556b5bdc	1	0.53	159407.4
1	0	0.0	100000.0	4000	6000000	15202720149499372925	b0556b5bdc	0	0.56	159407.4
1	0	0.0	100000.0	4000	200000	18106394839882759425	b0556b5bdc	4	0.11	4842387.9
1	0	0.0	100000.0	4000	200000	18106394839882759425	b0556b5bdc	3	0.10	4842387.9
1	0	0.0	100000.0	4000	200000	18106394839882759425	b0556b5bdc	2	0.10	4842387.9
1	0	0.0	100000.0	4000	200000	18106394839882759425	b0556b5bdc	1	0.10	4842387.9
1	0	0.0	100000.0	4000	200000	18106394839882759425	b0556b5bdc	0	0.10	4842387.9
1	0	0.0	100000.0	4000	200000	13540985252540778902	b0556b5bdc	4	0.11	4697766.2
1	0	0.0	100000.0	4000	200000	13540985252540778902	b0556b5bdc	3	0.10	4697766.2
1	0	0.0	100000.0	4000	200000	13540985252540778902	b0556b5bdc	2	0.10	4697766.2
1	0	0.0	100000.0	4000	200000	13540985252540778902	b0556b5bdc	1	0.10	4697766.2
1	0	0.0	100000.0	4000	200000	13540985252540778902	b0556b5bdc	0	0.10	4697766.2
1	0	0.0	100000.0	4000	200000	11991024900234488292	b0556b5bdc	4	0.11	4758265.6
1	0	0.0	100000.0	4000	200000	11991024900234488292	b0556b5bdc	3	0.10	4758265.6
1	0	0.0	100000.0	4000	200000	11991024900234488292	b0556b5bdc	2	0.09	4758265.6
1	0	0.0	100000.0	4000	200000	11991024900234488292	b0556b5bdc	1	0.10	4758265.6
1	0	0.0	100000.0	4000	200000	11991024900234488292	b0556b5bdc	0	0.10	4758265.6
1	0	0.0	100000.0	4000	200000	11077890036018704681	b0556b5bdc	4	0.10	4816433.3
1	0	0.0	100000.0	4000	200000	11077890036018704681	b0556b5bdc	3	0.09	4816433.3
1	0	0.0	100000.0	4000	200000	11077890036018704681	b0556b5bdc	2	0.10	4816433.3
1	0	0.0	100000.0	4000	200000	11077890036018704681	b0556b5bdc	1	0.10	4816433.3
1	0	0.0	100000.0	4000	200000	11077890036018704681	b0556b5bdc	0	0.10	4816433.3
1	0	0.0	100000.0	4000	200000	10869825307550600910	b0556b5bdc	4	0.11	4927352.8
1	0	0.0	100000.0	4000	200000	10869825307550600910	b0556b5bdc	3	0.12	4927352.8
1	0	0.0	100000.0	4000	200000	10869825307550600910	b0556b5bdc	2	0.11	4927352.8
1	0	0.0	100000.0	4000	200000	10869825307550600910	b0556b5bdc	1	0.10	4927352.8
1	0	0.0	100000.0	4000	200000	10869825307550600910	b0556b5bdc	0	0.10	4927352.8
1	0	0.0	100000.0	3743	7003153	9477885521745518800	b0556b5bdc	4	0.47	120473.5
1	0	0.0	100000.0	3743	7003153	9477885521745518800	b0556b5bdc	3	0.47	120473.5
1	0	0.0	100000.0	3743	7003153	9477885521745518800	b0556b5bdc	2	0.49	120473.5
1	0	0.0	100000.0	3743	7003153	9477885521745518800	b0556b5bdc	1	0.48	120473.5
1	0	0.0	100000.0	3743	7003153	9477885521745518800	b0556b5bdc	0	0.49	120473.5
1	0	0.0	100000.0	3743	7003153	7682333320494970019	b0556b5bdc	4	0.50	118026.1
1	0	0.0	100000.0	3743	7003153	7682333320494970019	b0556b5bdc	3	0.50	118026.1
1	0	0.0	100000.0	3743	7003153	7682333320494970019	b0556b5bdc	2	0.48	118026.1
1	0	0.0	100000.0	3743	7003153	7682333320494970019	b0556b5bdc	1	0.50	118026.1
1	0	0.0	100000.0	3743	7003153	7682333320494970019	b0556b5bdc	0	0.50	118026.1
1	0	0.0	100000.0	3743	7003153	4684472150068736461	b0556b5bdc	4	0.50	119643.2
1	0	0.0	100000.0	3743	7003153	4684472150068736461	b0556b5bdc	3	0.48	119643.2
1	0	0.0	100000.0	3743	7003153	4684472150068736461	b0556b5bdc	2	0.49	119643.2
1	0	0.0	100000.0	3743	7003153	4684472150068736461	b0556b5bdc	1	0.49	119643.2
1	0	0.0	100000.0	3743	7003153	4684472150068736461	b0556b5bdc	0	0.48	119643.2
1	0	0.0	100000.0	3743	7003153	2050842182995461247	b0556b5bdc	4	0.48	121618.8
1	0	0.0	100000.0	3743	7003153	2050842182995461247	b0556b5bdc	3	0.49	121618.8
1	0	0.0	100000.0	3743	7003153	2050842182995461247	b0556b5bdc	2	0.48	121618.8
1	0	0.0	100000.0	3743	7003153	2050842182995461247	b0556b5bdc	1	0.47	121618.8
1	0	0.0	100000.0	3743	7003153	2050842182995461247	b0556b5bdc	0	0.49	121618.8
1	0	0.0	100000.0	3743	7003153	170165285102594907	b0556b5bdc	4	0.49	120127.3
1	0	0.0	100000.0	3743	7003153	170165285102594907	b0556b5bdc	3	0.48	120127.3
1	0	0.0	100000.0	3743	7003153	170165285102594907	b0556b5bdc	2	0.50	120127.3
1	0	0.0	100000.0	3743	7003153	170165285102594907	b0556b5bdc	1	0.49	120127.3
1	0	0.0	100000.0	3743	7003153	170165285102594907	b0556b5bdc	0	0.48	120127.3
1	0	0.0	100000.0	3465	6001380	17359839261733334254	b0556b5bdc	4	0.42	119319.8
1	0	0.0	100000.0	3465	6001380	17359839261733334254	b0556b5bdc	3	0.41	119319.8
1	0	0.0	100000.0	3465	6001380	17359839261733334254	b0556b5bdc	2	0.41	119319.8
1	0	0.0	100000.0	3465	6001380	17359839261733334254	b0556b5bdc	1	0.39	119319.8
1	0	0.0	100000.0	3465	6001380	17359839261733334254	b0556b5bdc	0	0.42	119319.8
1	0	0.0	100000.0	3465	6001380	16403722633512254460	b0556b5bdc	4	0.40	120678.4
1	0	0.0	100000.0	3465	6001380	16403722633512254460	b0556b5bdc	3	0.40	120678.4
1	0	0.0	100000.0	3465	6001380	16403722633512254460	b0556b5bdc	2	0.40	120678.4
1	0	0.0	100000.0	3465	6001380	16403722633512254460	b0556b5bdc	1	0.40	120678.4
1	0	0.0	100000.0	3465	6001380	16403722633512254460	b0556b5bdc	0	0.40	120678.4
1	0	0.0	100000.0	3465	6001380	1493275470300733002	b0556b5bdc	4	0.41	121553.8
1	0	0.0	100000.0	3465	6001380	1493275470300733002	b0556b5bdc	3	0.42	121553.8
1	0	0.0	100000.0	3465	6001380	1493275470300733002	b0556b5bdc	2	0.40	121553.8
1	0	0.0	100000.0	3465	6001380	1493275470300733002	b0556b5bdc	1	0.41	121553.8
1	0	0.0	100000.0	3465	6001380	1493275470300733002	b0556b5bdc	0	0.41	121553.8
1	0	0.0	100000.0	3465	6001380	13625375710347212114	b0556b5bdc	4	0.40	120724.9
1	0	0.0	100000.0	3465	6001380	13625375710347212114	b0556b5bdc	3	0.41	120724.9
1	0	0.0	100000.0	3465	6001380	13625375710347212114	b0556b5bdc	2	0.40	120724.9
1	0	0.0	100000.0	3465	6001380	13625375710347212114	b0556b5bdc	1	0.41	120724.9
1	0	0.0	100000.0	3465	6001380	13625375710347212114	b0556b5bdc	0	0.41	120724.9
1	0	0.0	100000.0	3465	6001380	12974659926875519404	b0556b5bdc	4	0.41	120884.6
1	0	0.0	100000.0	3465	6001380	12974659926875519404	b0556b5bdc	3	0.42	120884.6
1	0	0.0	100000.0	3465	6001380	12974659926875519404	b0556b5bdc	2	0.40	120884.6
1	0	0.0	100000.0	3465	6001380	12974659926875519404	b0556b5bdc	1	0.41	120884.6
1	0	0.0	100000.0	3465	6001380	12974659926875519404	b0556b5bdc	0	0.44	120884.6
1	0	0.0	100000.0	3333	500000	17477887803100758065	b0556b5bdc	4	0.10	1301887.8
1	0	0.0	100000.0	3333	500000	17477887803100758065	b0556b5bdc	3	0.09	1301887.8
1	0	0.0	100000.0	3333	500000	17477887803100758065	b0556b5bdc	2	0.09	1301887.8
1	0	0.0	100000.0	3333	500000	17477887803100758065	b0556b5bdc	1	0.09	1301887.8
1	0	0.0	100000.0	3333	500000	17477887803100758065	b0556b5bdc	0	0.08	1301887.8
1	0	0.0	100000.0	3333	500000	16398843257215291551	b0556b5bdc	4	0.10	1349516.6
1	0	0.0	100000.0	3333	500000	16398843257215291551	b0556b5bdc	3	0.09	1349516.6
1	0	0.0	100000.0	3333	500000	16398843257215291551	b0556b5bdc	2	0.10	1349516.6
1	0	0.0	100000.0	3333	500000	16398843257215291551	b0556b5bdc	1	0.10	1349516.6
1	0	0.0	100000.0	3333	500000	16398843257215291551	b0556b5bdc	0	0.10	1349516.6
1	0	0.0	100000.0	3333	500000	16229314348623742586	b0556b5bdc	4	0.10	1355360.1
1	0	0.0	100000.0	3333	500000	16229314348623742586	b0556b5bdc	3	0.10	1355360.1
1	0	0.0	100000.0	3333	500000	16229314348623742586	b0556b5bdc	2	0.09	1355360.1
1	0	0.0	100000.0	3333	500000	16229314348623742586	b0556b5bdc	1	0.08	1355360.1
1	0	0.0	100000.0	3333	500000	16229314348623742586	b0556b5bdc	0	0.09	1355360.1
1	0	0.0	100000.0	3333	500000	15255451044240685586	b0556b5bdc	4	0.10	1333551.0
1	0	0.0	100000.0	3333	500000	15255451044240685586	b0556b5bdc	3	0.10	1333551.0
1	0	0.0	100000.0	3333	500000	15255451044240685586	b0556b5bdc	2	0.09	1333551.0
1	0	0.0	100000.0	3333	500000	15255451044240685586	b0556b5bdc	1	0.10	1333551.0
1	0	0.0	100000.0	3333	500000	15255451044240685586	b0556b5bdc	0	0.09	1333551.0
1	0	0.0	100000.0	3333	500000	10009432958450807629	b0556b5bdc	4	0.10	1328776.9
1	0	0.0	100000.0	3333	500000	10009432958450807629	b0556b5bdc	3	0.10	1328776.9
1	0	0.0	100000.0	3333	500000	10009432958450807629	b0556b5bdc	2	0.10	1328776.9
1	0	0.0	100000.0	3333	500000	10009432958450807629	b0556b5bdc	1	0.09	1328776.9
1	0	0.0	100000.0	3333	500000	10009432958450807629	b0556b5bdc	0	0.08	1328776.9
1	0	0.0	100000.0	3333	5000000	5812500445600846268	b0556b5bdc	4	0.44	131445.4
1	0	0.0	100000.0	3333	5000000	5812500445600846268	b0556b5bdc	3	0.44	131445.4
1	0	0.0	100000.0	3333	5000000	5812500445600846268	b0556b5bdc	2	0.42	131445.4
1	0	0.0	100000.0	3333	5000000	5812500445600846268	b0556b5bdc	1	0.44	131445.4
1	0	0.0	100000.0	3333	5000000	5812500445600846268	b0556b5bdc	0	0.43	131445.4
1	0	0.0	100000.0	3333	5000000	435959253947713908	b0556b5bdc	4	0.43	132165.9
1	0	0.0	100000.0	3333	5000000	435959253947713908	b0556b5bdc	3	0.46	132165.9
1	0	0.0	100000.0	3333	5000000	435959253947713908	b0556b5bdc	2	0.44	132165.9
1	0	0.0	100000.0	3333	5000000	435959253947713908	b0556b5bdc	1	0.45	132165.9
1	0	0.0	100000.0	3333	5000000	435959253947713908	b0556b5bdc	0	0.45	132165.9
1	0	0.0	100000.0	3333	5000000	16531756506665020648	b0556b5bdc	4	0.44	127145.1
1	0	0.0	100000.0	3333	5000000	16531756506665020648	b0556b5bdc	3	0.44	127145.1
1	0	0.0	100000.0	3333	5000000	16531756506665020648	b0556b5bdc	2	0.44	127145.1
1	0	0.0	100000.0	3333	5000000	16531756506665020648	b0556b5bdc	1	0.43	127145.1
1	0	0.0	100000.0	3333	5000000	16531756506665020648	b0556b5bdc	0	0.44	127145.1
1	0	0.0	100000.0	3333	5000000	11943044077687329754	b0556b5bdc	4	0.46	134480.5
1	0	0.0	100000.0	3333	5000000	11943044077687329754	b0556b5bdc	3	0.44	134480.5
1	0	0.0	100000.0	3333	5000000	11943044077687329754	b0556b5bdc	2	0.45	134480.5
1	0	0.0	100000.0	3333	5000000	11943044077687329754	b0556b5bdc	1	0.46	134480.5
1	0	0.0	100000.0	3333	5000000	11943044077687329754	b0556b5bdc	0	0.45	134480.5
1	0	0.0	100000.0	3333	5000000	10987069171828141427	b0556b5bdc	4	0.45	134328.2
1	0	0.0	100000.0	3333	5000000	10987069171828141427	b0556b5bdc	3	0.46	134328.2
1	0	0.0	100000.0	3333	5000000	10987069171828141427	b0556b5bdc	2	0.47	134328.2
1	0	0.0	100000.0	3333	5000000	10987069171828141427	b0556b5bdc	1	0.44	134328.2
1	0	0.0	100000.0	3333	5000000	10987069171828141427	b0556b5bdc	0	0.45	134328.2
1	0	0.0	100000.0	3163	5000703	245835143826134922	b0556b5bdc	4	0.34	117796.4
1	0	0.0	100000.0	3163	5000703	245835143826134922	b0556b5bdc	3	0.35	117796.4
1	0	0.0	100000.0	3163	5000703	245835143826134922	b0556b5bdc	2	0.34	117796.4
1	0	0.0	100000.0	3163	5000703	245835143826134922	b0556b5bdc	1	0.34	117796.4
1	0	0.0	100000.0	3163	5000703	245835143826134922	b0556b5bdc	0	0.37	117796.4
1	0	0.0	100000.0	3163	5000703	14477777198307044027	b0556b5bdc	4	0.34	120794.1
1	0	0.0	100000.0	3163	5000703	14477777198307044027	b0556b5bdc	3	0.34	120794.1
1	0	0.0	100000.0	3163	5000703	14477777198307044027	b0556b5bdc	2	0.34	120794.1
1	0	0.0	100000.0	3163	5000703	14477777198307044027	b0556b5bdc	1	0.34	120794.1
1	0	0.0	100000.0	3163	5000703	14477777198307044027	b0556b5bdc	0	0.35	120794.1
1	0	0.0	100000.0	3163	5000703	12893462876982401791	b0556b5bdc	4	0.35	119481.0
1	0	0.0	100000.0	3163	5000703	12893462876982401791	b0556b5bdc	3	0.35	119481.0
1	0	0.0	100000.0	3163	5000703	12893462876982401791	b0556b5bdc	2	0.33	119481.0
1	0	0.0	100000.0	3163	5000703	12893462876982401791	b0556b5bdc	1	0.36	119481.0
1	0	0.0	100000.0	3163	5000703	12893462876982401791	b0556b5bdc	0	0.34	119481.0
1	0	0.0	100000.0	3163	5000703	11897531482854741665	b0556b5bdc	4	0.34	124337.1
1	0	0.0	100000.0	3163	5000703	11897531482854741665	b0556b5bdc	3	0.34	124337.1
1	0	0.0	100000.0	3163	5000703	11897531482854741665	b0556b5bdc	2	0.35	124337.1
1	0	0.0	100000.0	3163	5000703	11897531482854741665	b0556b5bdc	1	0.34	124337.1
1	0	0.0	100000.0	3163	5000703	11897531482854741665	b0556b5bdc	0	0.34	124337.1
1	0	0.0	100000.0	3163	5000703	11806223055246889292	b0556b5bdc	4	0.36	116937.8
1	0	0.0	100000.0	3163	5000703	11806223055246889292	b0556b5bdc	3	0.35	116937.8
1	0	0.0	100000.0	3163	5000703	11806223055246889292	b0556b5bdc	2	0.34	116937.8
1	0	0.0	100000.0	3163	5000703	11806223055246889292	b0556b5bdc	1	0.34	116937.8
1	0	0.0	100000.0	3163	5000703	11806223055246889292	b0556b5bdc	0	0.34	116937.8
1	0	0.0	100000.0	2829	4000206	7319848834541159983	b0556b5bdc	4	0.27	123048.0
1	0	0.0	100000.0	2829	4000206	7319848834541159983	b0556b5bdc	3	0.28	123048.0
1	0	0.0	100000.0	2829	4000206	7319848834541159983	b0556b5bdc	2	0.27	123048.0
1	0	0.0	100000.0	2829	4000206	7319848834541159983	b0556b5bdc	1	0.28	123048.0
1	0	0.0	100000.0	2829	4000206	7319848834541159983	b0556b5bdc	0	0.28	123048.0
1	0	0.0	100000.0	2829	4000206	4410509844383751366	b0556b5bdc	4	0.27	116211.1
1	0	0.0	100000.0	2829	4000206	4410509844383751366	b0556b5bdc	3	0.26	116211.1
1	0	0.0	100000.0	2829	4000206	4410509844383751366	b0556b5bdc	2	0.27	116211.1
1	0	0.0	100000.0	2829	4000206	4410509844383751366	b0556b5bdc	1	0.27	116211.1
1	0	0.0	100000.0	2829	4000206	4410509844383751366	b0556b5bdc	0	0.28	116211.1
1	0	0.0	100000.0	2829	4000206	4326951196436817237	b0556b5bdc	4	0.27	121702.3
1	0	0.0	100000.0	2829	4000206	4326951196436817237	b0556b5bdc	3	0.27	121702.3
1	0	0.0	100000.0	2829	4000206	4326951196436817237	b0556b5bdc	2	0.28	121702.3
1	0	0.0	100000.0	2829	4000206	4326951196436817237	b0556b5bdc	1	0.27	121702.3
1	0	0.0	100000.0	2829	4000206	4326951196436817237	b0556b5bdc	0	0.27	121702.3
1	0	0.0	100000.0	2829	4000206	10818148971009343199	b0556b5bdc	4	0.27	123159.7
1	0	0.0	100000.0	2829	4000206	10818148971009343199	b0556b5bdc	3	0.27	123159.7
1	0	0.0	100000.0	2829	4000206	10818148971009343199	b0556b5bdc	2	0.26	123159.7
1	0	0.0	100000.0	2829	4000206	10818148971009343199	b0556b5bdc	1	0.26	123159.7
1	0	0.0	100000.0	2829	4000206	10818148971009343199	b0556b5bdc	0	0.26	123159.7
1	0	0.0	100000.0	2829	4000206	10091966515576959847	b0556b5bdc	4	0.27	120825.7
1	0	0.0	100000.0	2829	4000206	10091966515576959847	b0556b5bdc	3	0.27	120825.7
1	0	0.0	100000.0	2829	4000206	10091966515576959847	b0556b5bdc	2	0.27	120825.7
1	0	0.0	100000.0	2829	4000206	10091966515576959847	b0556b5bdc	1	0.26	120825.7
1	0	0.0	100000.0	2829	4000206	10091966515576959847	b0556b5bdc	0	0.26	120825.7
1	0	0.0	100000.0	2666	400000	2530714858503171118	b0556b5bdc	4	0.06	1077877.2
1	0	0.0	100000.0	2666	400000	2530714858503171118	b0556b5bdc	3	0.06	1077877.2
1	0	0.0	100000.0	2666	400000	2530714858503171118	b0556b5bdc	2	0.07	1077877.2
1	0	0.0	100000.0	2666	400000	2530714858503171118	b0556b5bdc	1	0.08	1077877.2
1	0	0.0	100000.0	2666	400000	2530714858503171118	b0556b5bdc	0	0.06	1077877.2
1	0	0.0	100000.0	2666	400000	16940926852185232446	b0556b5bdc	4	0.06	1063806.8
1	0	0.0	100000.0	2666	400000	16940926852185232446	b0556b5bdc	3	0.07	1063806.8
1	0	0.0	100000.0	2666	400000	16940926852185232446	b0556b5bdc	2	0.06	1063806.8
1	0	0.0	100000.0	2666	400000	16940926852185232446	b0556b5bdc	1	0.06	1063806.8
1	0	0.0	100000.0	2666	400000	16940926852185232446	b0556b5bdc	0	0.06	1063806.8
1	0	0.0	100000.0	2666	400000	14341520117430732149	b0556b5bdc	4	0.06	1108100.3
1	0	0.0	100000.0	2666	400000	14341520117430732149	b0556b5bdc	3	0.06	1108100.3
1	0	0.0	100000.0	2666	400000	14341520117430732149	b0556b5bdc	2	0.07	1108100.3
1	0	0.0	100000.0	2666	400000	14341520117430732149	b0556b5bdc	1	0.07	1108100.3
1	0	0.0	100000.0	2666	400000	14341520117430732149	b0556b5bdc	0	0.07	1108100.3
1	0	0.0	100000.0	2666	400000	14231381106369773464	b0556b5bdc	4	0.06	1071559.0
1	0	0.0	100000.0	2666	400000	14231381106369773464	b0556b5bdc	3	0.07	1071559.0
1	0	0.0	100000.0	2666	400000	14231381106369773464	b0556b5bdc	2	0.06	1071559.0
1	0	0.0	100000.0	2666	400000	14231381106369773464	b0556b5bdc	1	0.07	1071559.0
1	0	0.0	100000.0	2666	400000	14231381106369773464	b0556b5bdc	0	0.06	1071559.0
1	0	0.0	100000.0	2666	400000	11291881228089057197	b0556b5bdc	4	0.07	1067926.6
1	0	0.0	100000.0	2666	400000	11291881228089057197	b0556b5bdc	3	0.06	1067926.6
1	0	0.0	100000.0	2666	400000	11291881228089057197	b0556b5bdc	2	0.06	1067926.6
1	0	0.0	100000.0	2666	400000	11291881228089057197	b0556b5bdc	1	0.07	1067926.6
1	0	0.0	100000.0	2666	400000	11291881228089057197	b0556b5bdc	0	0.07	1067926.6
1	0	0.0	100000.0	2450	3000025	8301602438267298438	b0556b5bdc	4	0.21	115762.2
1	0	0.0	100000.0	2450	3000025	8301602438267298438	b0556b5bdc	3	0.20	115762.2
1	0	0.0	100000.0	2450	3000025	8301602438267298438	b0556b5bdc	2	0.18	115762.2
1	0	0.0	100000.0	2450	3000025	8301602438267298438	b0556b5bdc	1	0.21	115762.2
1	0	0.0	100000.0	2450	3000025	8301602438267298438	b0556b5bdc	0	0.19	115762.2
1	0	0.0	100000.0	2450	3000025	6684255214357845379	b0556b5bdc	4	0.21	123509.3
1	0	0.0	100000.0	2450	3000025	6684255214357845379	b0556b5bdc	3	0.21	123509.3
1	0	0.0	100000.0	2450	3000025	6684255214357845379	b0556b5bdc	2	0.20	123509.3
1	0	0.0	100000.0	2450	3000025	6684255214357845379	b0556b5bdc	1	0.20	123509.3
1	0	0.0	100000.0	2450	3000025	6684255214357845379	b0556b5bdc	0	0.20	123509.3
1	0	0.0	100000.0	2450	3000025	5038925763058432905	b0556b5bdc	4	0.20	118577.1
1	0	0.0	100000.0	2450	3000025	5038925763058432905	b0556b5bdc	3	0.19	118577.1
1	0	0.0	100000.0	2450	3000025	5038925763058432905	b0556b5bdc	2	0.20	118577.1
1	0	0.0	100000.0	2450	3000025	5038925763058432905	b0556b5bdc	1	0.20	118577.1
1	0	0.0	100000.0	2450	3000025	5038925763058432905	b0556b5bdc	0	0.22	118577.1
1	0	0.0	100000.0	2450	3000025	4875142143772139927	b0556b5bdc	4	0.19	123426.3
1	0	0.0	100000.0	2450	3000025	4875142143772139927	b0556b5bdc	3	0.21	123426.3
1	0	0.0	100000.0	2450	3000025	4875142143772139927	b0556b5bdc	2	0.20	123426.3
1	0	0.0	100000.0	2450	3000025	4875142143772139927	b0556b5bdc	1	0.21	123426.3
1	0	0.0	100000.0	2450	3000025	4875142143772139927	b0556b5bdc	0	0.20	123426.3
1	0	0.0	100000.0	2450	3000025	14589370501365009837	b0556b5bdc	4	0.20	122076.8
1	0	0.0	100000.0	2450	3000025	14589370501365009837	b0556b5bdc	3	0.20	122076.8
1	0	0.0	100000.0	2450	3000025	14589370501365009837	b0556b5bdc	2	0.20	122076.8
1	0	0.0	100000.0	2450	3000025	14589370501365009837	b0556b5bdc	1	0.20	122076.8
1	0	0.0	100000.0	2450	3000025	14589370501365009837	b0556b5bdc	0	0.22	122076.8
1	0	0.0	100000.0	2001	2001000	8731936605523488160	b0556b5bdc	4	0.12	117768.4
1	0	0.0	100000.0	2001	2001000	8731936605523488160	b0556b5bdc	3	0.12	117768.4
1	0	0.0	100000.0	2001	2001000	8731936605523488160	b0556b5bdc	2	0.12	117768.4
1	0	0.0	100000.0	2001	2001000	8731936605523488160	b0556b5bdc	1	0.14	117768.4
1	0	0.0	100000.0	2001	2001000	8731936605523488160	b0556b5bdc	0	0.12	117768.4
1	0	0.0	100000.0	2001	2001000	3231035565518802519	b0556b5bdc	4	0.13	125512.9
1	0	0.0	100000.0	2001	2001000	3231035565518802519	b0556b5bdc	3	0.13	125512.9
1	0	0.0	100000.0	2001	2001000	3231035565518802519	b0556b5bdc	2	0.12	125512.9
1	0	0.0	100000.0	2001	2001000	3231035565518802519	b0556b5bdc	1	0.12	125512.9
1	0	0.0	100000.0	2001	2001000	3231035565518802519	b0556b5bdc	0	0.13	125512.9
1	0	0.0	100000.0	2001	2001000	3162864466290772742	b0556b5bdc	4	0.13	119164.7
1	0	0.0	100000.0	2001	2001000	3162864466290772742	b0556b5bdc	3	0.13	119164.7
1	0	0.0	100000.0	2001	2001000	3162864466290772742	b0556b5bdc	2	0.13	119164.7
1	0	0.0	100000.0	2001	2001000	3162864466290772742	b0556b5bdc	1	0.13	119164.7
1	0	0.0	100000.0	2001	2001000	3162864466290772742	b0556b5bdc	0	0.14	119164.7
1	0	0.0	100000.0	2001	2001000	12552678760509397671	b0556b5bdc	4	0.14	121002.2
1	0	0.0	100000.0	2001	2001000	12552678760509397671	b0556b5bdc	3	0.13	121002.2
1	0	0.0	100000.0	2001	2001000	12552678760509397671	b0556b5bdc	2	0.14	121002.2
1	0	0.0	100000.0	2001	2001000	12552678760509397671	b0556b5bdc	1	0.14	121002.2
1	0	0.0	100000.0	2001	2001000	12552678760509397671	b0556b5bdc	0	0.13	121002.2
1	0	0.0	100000.0	2001	2001000	11020991984099712910	b0556b5bdc	4	0.13	119066.5
1	0	0.0	100000.0	2001	2001000	11020991984099712910	b0556b5bdc	3	0.13	119066.5
1	0	0.0	100000.0	2001	2001000	11020991984099712910	b0556b5bdc	2	0.12	119066.5
1	0	0.0	100000.0	2001	2001000	11020991984099712910	b0556b5bdc	1	0.14	119066.5
1	0	0.0	100000.0	2001	2001000	11020991984099712910	b0556b5bdc	0	0.16	119066.5
1	0	0.0	100000.0	2000	300000	4587456441655467897	b0556b5bdc	4	0.04	778098.3
1	0	0.0	100000.0	2000	300000	4587456441655467897	b0556b5bdc	3	0.04	778098.3
1	0	0.0	100000.0	2000	300000	4587456441655467897	b0556b5bdc	2	0.04	778098.3
1	0	0.0	100000.0	2000	300000	4587456441655467897	b0556b5bdc	1	0.04	778098.3
1	0	0.0	100000.0	2000	300000	4587456441655467897	b0556b5bdc	0	0.04	778098.3
1	0	0.0	100000.0	2000	300000	17153350933148537850	b0556b5bdc	4	0.04	789549.1
1	0	0.0	100000.0	2000	300000	17153350933148537850	b0556b5bdc	3	0.04	789549.1
1	0	0.0	100000.0	2000	300000	17153350933148537850	b0556b5bdc	2	0.04	789549.1
1	0	0.0	100000.0	2000	300000	17153350933148537850	b0556b5bdc	1	0.04	789549.1
1	0	0.0	100000.0	2000	300000	17153350933148537850	b0556b5bdc	0	0.04	789549.1
1	0	0.0	100000.0	2000	300000	15673353246080233962	b0556b5bdc	4	0.04	836550.7
1	0	0.0	100000.0	2000	300000	15673353246080233962	b0556b5bdc	3	0.04	836550.7
1	0	0.0	100000.0	2000	300000	15673353246080233962	b0556b5bdc	2	0.03	836550.7
1	0	0.0	100000.0	2000	300000	15673353246080233962	b0556b5bdc	1	0.03	836550.7
1	0	0.0	100000.0	2000	300000	15673353246080233962	b0556b5bdc	0	0.04	836550.7
1	0	0.0	100000.0	2000	300000	11767182153102272721	b0556b5bdc	4	0.05	821865.1
1	0	0.0	100000.0	2000	300000	11767182153102272721	b0556b5bdc	3	0.04	821865.1
1	0	0.0	100000.0	2000	300000	11767182153102272721	b0556b5bdc	2	0.04	821865.1
1	0	0.0	100000.0	2000	300000	11767182153102272721	b0556b5bdc	1	0.04	821865.1
1	0	0.0	100000.0	2000	300000	11767182153102272721	b0556b5bdc	0	0.04	821865.1
1	0	0.0	100000.0	2000	300000	10919339539672066803	b0556b5bdc	4	0.04	792063.3
1	0	0.0	100000.0	2000	300000	10919339539672066803	b0556b5bdc	3	0.04	792063.3
1	0	0.0	100000.0	2000	300000	10919339539672066803	b0556b5bdc	2	0.04	792063.3
1	0	0.0	100000.0	2000	300000	10919339539672066803	b0556b5bdc	1	0.04	792063.3
1	0	0.0	100000.0	2000	300000	10919339539672066803	b0556b5bdc	0	0.04	792063.3
1	0	0.0	100000.0	2000	100000	8728428080453687708	b0556b5bdc	4	0.03	2422308.0
1	0	0.0	100000.0	2000	100000	8728428080453687708	b0556b5bdc	3	0.03	2422308.0
1	0	0.0	100000.0	2000	100000	8728428080453687708	b0556b5bdc	2	0.02	2422308.0
1	0	0.0	100000.0	2000	100000	8728428080453687708	b0556b5bdc	1	0.03	2422308.0
1	0	0.0	100000.0	2000	100000	8728428080453687708	b0556b5bdc	0	0.02	2422308.0
1	0	0.0	100000.0	2000	100000	7860122966812489556	b0556b5bdc	4	0.02	2347290.3
1	0	0.0	100000.0	2000	100000	7860122966812489556	b0556b5bdc	3	0.02	2347290.3
1	0	0.0	100000.0	2000	100000	7860122966812489556	b0556b5bdc	2	0.02	2347290.3
1	0	0.0	100000.0	2000	100000	7860122966812489556	b0556b5bdc	1	0.03	2347290.3
1	0	0.0	100000.0	2000	100000	7860122966812489556	b0556b5bdc	0	0.02	2347290.3
1	0	0.0	100000.0	2000	100000	18079955869049009828	b0556b5bdc	4	0.03	2343217.1
1	0	0.0	100000.0	2000	100000	18079955869049009828	b0556b5bdc	3	0.03	2343217.1
1	0	0.0	100000.0	2000	100000	18079955869049009828	b0556b5bdc	2	0.02	2343217.1
1	0	0.0	100000.0	2000	100000	18079955869049009828	b0556b5bdc	1	0.03	2343217.1
1	0	0.0	100000.0	2000	100000	18079955869049009828	b0556b5bdc	0	0.02	2343217.1
1	0	0.0	100000.0	2000	100000	1515338098219444617	b0556b5bdc	4	0.03	2420938.4
1	0	0.0	100000.0	2000	100000	1515338098219444617	b0556b5bdc	3	0.02	2420938.4
1	0	0.0	100000.0	2000	100000	1515338098219444617	b0556b5bdc	2	0.02	2420938.4
1	0	0.0	100000.0	2000	100000	1515338098219444617	b0556b5bdc	1	0.03	2420938.4
1	0	0.0	100000.0	2000	100000	1515338098219444617	b0556b5bdc	0	0.02	2420938.4
1	0	0.0	100000.0	2000	100000	10548967994660097113	b0556b5bdc	4	0.03	2473204.6
1	0	0.0	100000.0	2000	100000	10548967994660097113	b0556b5bdc	3	0.02	2473204.6
1	0	0.0	100000.0	2000	100000	10548967994660097113	b0556b5bdc	2	0.02	2473204.6
1	0	0.0	100000.0	2000	100000	10548967994660097113	b0556b5bdc	1	0.02	2473204.6
1	0	0.0	100000.0	2000	100000	10548967994660097113	b0556b5bdc	0	0.02	2473204.6
1	0	0.0	100000.0	1415	1000405	8217808146263544568	b0556b5bdc	4	0.06	115945.8
1	0	0.0	100000.0	1415	1000405	8217808146263544568	b0556b5bdc	3	0.06	115945.8
1	0	0.0	100000.0	1415	1000405	8217808146263544568	b0556b5bdc	2	0.06	115945.8
1	0	0.0	100000.0	1415	1000405	8217808146263544568	b0556b5bdc	1	0.06	115945.8
1	0	0.0	100000.0	1415	1000405	8217808146263544568	b0556b5bdc	0	0.06	115945.8
1	0	0.0	100000.0	1415	1000405	8148477844915561703	b0556b5bdc	4	0.06	120675.5
1	0	0.0	100000.0	1415	1000405	8148477844915561703	b0556b5bdc	3	0.06	120675.5
1	0	0.0	100000.0	1415	1000405	8148477844915561703	b0556b5bdc	2	0.06	120675.5
1	0	0.0	100000.0	1415	1000405	8148477844915561703	b0556b5bdc	1	0.06	120675.5
1	0	0.0	100000.0	1415	1000405	8148477844915561703	b0556b5bdc	0	0.06	120675.5
1	0	0.0	100000.0	1415	1000405	16964362972906869774	b0556b5bdc	4	0.06	122431.8
1	0	0.0	100000.0	1415	1000405	16964362972906869774	b0556b5bdc	3	0.07	122431.8
1	0	0.0	100000.0	1415	1000405	16964362972906869774	b0556b5bdc	2	0.06	122431.8
1	0	0.0	100000.0	1415	1000405	16964362972906869774	b0556b5bdc	1	0.06	122431.8
1	0	0.0	100000.0	1415	1000405	16964362972906869774	b0556b5bdc	0	0.07	122431.8
1	0	0.0	100000.0	1415	1000405	12528062191820092552	b0556b5bdc	4	0.06	118319.3
1	0	0.0	100000.0	1415	1000405	12528062191820092552	b0556b5bdc	3	0.06	118319.3
1	0	0.0	100000.0	1415	1000405	12528062191820092552	b0556b5bdc	2	0.06	118319.3
1	0	0.0	100000.0	1415	1000405	12528062191820092552	b0556b5bdc	1	0.06	118319.3
1	0	0.0	100000.0	1415	1000405	12528062191820092552	b0556b5bdc	0	0.06	118319.3
1	0	0.0	100000.0	1415	1000405	11055297663285745456	b0556b5bdc	4	0.06	118286.4
1	0	0.0	100000.0	1415	1000405	11055297663285745456	b0556b5bdc	3	0.06	118286.4
1	0	0.0	100000.0	1415	1000405	11055297663285745456	b0556b5bdc	2	0.06	118286.4
1	0	0.0	100000.0	1415	1000405	11055297663285745456	b0556b5bdc	1	0.06	118286.4
1	0	0.0	100000.0	1415	1000405	11055297663285745456	b0556b5bdc	0	0.06	118286.4
1	0	0.0	100000.0	1333	200000	4340171896492173620	b0556b5bdc	4	0.02	506461.4
1	0	0.0	100000.0	1333	200000	4340171896492173620	b0556b5bdc	3	0.02	506461.4
1	0	0.0	100000.0	1333	200000	4340171896492173620	b0556b5bdc	2	0.02	506461.4
1	0	0.0	100000.0	1333	200000	4340171896492173620	b0556b5bdc	1	0.02	506461.4
1	0	0.0	100000.0	1333	200000	4340171896492173620	b0556b5bdc	0	0.02	506461.4
1	0	0.0	100000.0	1333	200000	3505554725561209821	b0556b5bdc	4	0.02	549774.0
1	0	0.0	100000.0	1333	200000	3505554725561209821	b0556b5bdc	3	0.02	549774.0
1	0	0.0	100000.0	1333	200000	3505554725561209821	b0556b5bdc	2	0.02	549774.0
1	0	0.0	100000.0	1333	200000	3505554725561209821	b0556b5bdc	1	0.02	549774.0
1	0	0.0	100000.0	1333	200000	3505554725561209821	b0556b5bdc	0	0.02	549774.0
1	0	0.0	100000.0	1333	200000	18193077461349064299	b0556b5bdc	4	0.02	536723.0
1	0	0.0	100000.0	1333	200000	18193077461349064299	b0556b5bdc	3	0.01	536723.0
1	0	0.0	100000.0	1333	200000	18193077461349064299	b0556b5bdc	2	0.02	536723.0
1	0	0.0	100000.0	1333	200000	18193077461349064299	b0556b5bdc	1	0.02	536723.0
1	0	0.0	100000.0	1333	200000	18193077461349064299	b0556b5bdc	0	0.02	536723.0
1	0	0.0	100000.0	1333	200000	14096988401216229925	b0556b5bdc	4	0.02	521839.5
1	0	0.0	100000.0	1333	200000	14096988401216229925	b0556b5bdc	3	0.02	521839.5
1	0	0.0	100000.0	1333	200000	14096988401216229925	b0556b5bdc	2	0.02	521839.5
1	0	0.0	100000.0	1333	200000	14096988401216229925	b0556b5bdc	1	0.02	521839.5
1	0	0.0	100000.0	1333	200000	14096988401216229925	b0556b5bdc	0	0.01	521839.5
1	0	0.0	100000.0	1333	200000	13252868028536094134	b0556b5bdc	4	0.02	517718.0
1	0	0.0	100000.0	1333	200000	13252868028536094134	b0556b5bdc	3	0.01	517718.0
1	0	0.0	100000.0	1333	200000	13252868028536094134	b0556b5bdc	2	0.02	517718.0
1	0	0.0	100000.0	1333	200000	13252868028536094134	b0556b5bdc	1	0.02	517718.0
1	0	0.0	100000.0	1333	200000	13252868028536094134	b0556b5bdc	0	0.02	517718.0
1	0	0.0	100000.0	1096	600060	6290458685035200256	b0556b5bdc	4	0.03	116100.6
1	0	0.0	100000.0	1096	600060	6290458685035200256	b0556b5bdc	3	0.03	116100.6
1	0	0.0	100000.0	1096	600060	6290458685035200256	b0556b5bdc	2	0.03	116100.6
1	0	0.0	100000.0	1096	600060	6290458685035200256	b0556b5bdc	1	0.04	116100.6
1	0	0.0	100000.0	1096	600060	6290458685035200256	b0556b5bdc	0	0.04	116100.6
1	0	0.0	100000.0	1096	600060	2847011941182166257	b0556b5bdc	4	0.03	126762.8
1	0	0.0	100000.0	1096	600060	2847011941182166257	b0556b5bdc	3	0.03	126762.8
1	0	0.0	100000.0	1096	600060	2847011941182166257	b0556b5bdc	2	0.04	126762.8
1	0	0.0	100000.0	1096	600060	2847011941182166257	b0556b5bdc	1	0.03	126762.8
1	0	0.0	100000.0	1096	600060	2847011941182166257	b0556b5bdc	0	0.03	126762.8
1	0	0.0	100000.0	1096	600060	17275001610796320301	b0556b5bdc	4	0.04	125481.6
1	0	0.0	100000.0	1096	600060	17275001610796320301	b0556b5bdc	3	0.03	125481.6
1	0	0.0	100000.0	1096	600060	17275001610796320301	b0556b5bdc	2	0.03	125481.6
1	0	0.0	100000.0	1096	600060	17275001610796320301	b0556b5bdc	1	0.03	125481.6
1	0	0.0	100000.0	1096	600060	17275001610796320301	b0556b5bdc	0	0.03	125481.6
1	0	0.0	100000.0	1096	600060	14745808863681856302	b0556b5bdc	4	0.03	119257.0
1	0	0.0	100000.0	1096	600060	14745808863681856302	b0556b5bdc	3	0.04	119257.0
1	0	0.0	100000.0	1096	600060	14745808863681856302	b0556b5bdc	2	0.04	119257.0
1	0	0.0	100000.0	1096	600060	14745808863681856302	b0556b5bdc	1	0.04	119257.0
1	0	0.0	100000.0	1096	600060	14745808863681856302	b0556b5bdc	0	0.04	119257.0
1	0	0.0	100000.0	1096	600060	11002444327164293152	b0556b5bdc	4	0.04	124601.3
1	0	0.0	100000.0	1096	600060	11002444327164293152	b0556b5bdc	3	0.03	124601.3
1	0	0.0	100000.0	1096	600060	11002444327164293152	b0556b5bdc	2	0.04	124601.3
1	0	0.0	100000.0	1096	600060	11002444327164293152	b0556b5bdc	1	0.04	124601.3
1	0	0.0	100000.0	1096	600060	11002444327164293152	b0556b5bdc	0	0.04	124601.3
1	0	0.0	100000.0	1001	500500	8198693454672841254	b0556b5bdc	4	0.03	125937.0
1	0	0.0	100000.0	1001	500500	8198693454672841254	b0556b5bdc	3	0.03	125937.0
1	0	0.0	100000.0	1001	500500	8198693454672841254	b0556b5bdc	2	0.03	125937.0
1	0	0.0	100000.0	1001	500500	8198693454672841254	b0556b5bdc	1	0.03	125937.0
1	0	0.0	100000.0	1001	500500	8198693454672841254	b0556b5bdc	0	0.02	125937.0
1	0	0.0	100000.0	1001	500500	7638712388428417106	b0556b5bdc	4	0.03	124618.8
1	0	0.0	100000.0	1001	500500	7638712388428417106	b0556b5bdc	3	0.03	124618.8
1	0	0.0	100000.0	1001	500500	7638712388428417106	b0556b5bdc	2	0.02	124618.8
1	0	0.0	100000.0	1001	500500	7638712388428417106	b0556b5bdc	1	0.03	124618.8
1	0	0.0	100000.0	1001	500500	7638712388428417106	b0556b5bdc	0	0.02	124618.8
1	0	0.0	100000.0	1001	500500	3508436502532993356	b0556b5bdc	4	0.02	112864.8
1	0	0.0	100000.0	1001	500500	3508436502532993356	b0556b5bdc	3	0.02	112864.8
1	0	0.0	100000.0	1001	500500	3508436502532993356	b0556b5bdc	2	0.02	112864.8
1	0	0.0	100000.0	1001	500500	3508436502532993356	b0556b5bdc	1	0.02	112864.8
1	0	0.0	100000.0	1001	500500	3508436502532993356	b0556b5bdc	0	0.03	112864.8
1	0	0.0	100000.0	1001	500500	15657013202064077586	b0556b5bdc	4	0.02	120458.8
1	0	0.0	100000.0	1001	500500	15657013202064077586	b0556b5bdc	3	0.02	120458.8
1	0	0.0	100000.0	1001	500500	15657013202064077586	b0556b5bdc	2	0.03	120458.8
1	0	0.0	100000.0	1001	500500	15657013202064077586	b0556b5bdc	1	0.02	120458.8
1	0	0.0	100000.0	1001	500500	15657013202064077586	b0556b5bdc	0	0.02	120458.8
1	0	0.0	100000.0	1001	500500	12244866433754796313	b0556b5bdc	4	0.02	120822.4
1	0	0.0	100000.0	1001	500500	12244866433754796313	b0556b5bdc	3	0.03	120822.4
1	0	0.0	100000.0	1001	500500	12244866433754796313	b0556b5bdc	2	0.03	120822.4
1	0	0.0	100000.0	1001	500500	12244866433754796313	b0556b5bdc	1	0.03	120822.4
1	0	0.0	100000.0	1001	500500	12244866433754796313	b0556b5bdc	0	0.03	120822.4
