#Prec	Dim	Min	Max     	|V|	|E|	Seed               	Rev       	Run#	Time(sec)	MSTWeight
1	0	0.0	100000.0	448	100128	1144473762101761719	beb5ea7b72	0	0.00	117491.1
1	0	0.0	100000.0	448	100128	1144473762101761719	beb5ea7b72	1	0.00	117491.1
1	0	0.0	100000.0	448	100128	1144473762101761719	beb5ea7b72	2	0.00	117491.1
1	0	0.0	100000.0	448	100128	1144473762101761719	beb5ea7b72	3	0.00	117491.1
1	0	0.0	100000.0	448	100128	1144473762101761719	beb5ea7b72	4	0.00	117491.1
1	0	0.0	100000.0	633	200028	10808559031493456036	beb5ea7b72	0	0.02	124428.4
1	0	0.0	100000.0	633	200028	10808559031493456036	beb5ea7b72	1	0.01	124428.4
1	0	0.0	100000.0	633	200028	10808559031493456036	beb5ea7b72	2	0.01	124428.4
1	0	0.0	100000.0	633	200028	10808559031493456036	beb5ea7b72	3	0.01	124428.4
1	0	0.0	100000.0	633	200028	10808559031493456036	beb5ea7b72	4	0.01	124428.4
1	0	0.0	100000.0	666	100000	8211211464294972040	beb5ea7b72	0	0.00	241395.4
1	0	0.0	100000.0	666	100000	8211211464294972040	beb5ea7b72	1	0.00	241395.4
1	0	0.0	100000.0	666	100000	8211211464294972040	beb5ea7b72	2	0.00	241395.4
1	0	0.0	100000.0	666	100000	8211211464294972040	beb5ea7b72	3	0.00	241395.4
1	0	0.0	100000.0	666	100000	8211211464294972040	beb5ea7b72	4	0.00	241395.4
1	0	0.0	100000.0	776	300700	7062495216961211968	beb5ea7b72	0	0.02	112623.7
1	0	0.0	100000.0	776	300700	7062495216961211968	beb5ea7b72	1	0.02	112623.7
1	0	0.0	100000.0	776	300700	7062495216961211968	beb5ea7b72	2	0.01	112623.7
1	0	0.0	100000.0	776	300700	7062495216961211968	beb5ea7b72	3	0.02	112623.7
1	0	0.0	100000.0	776	300700	7062495216961211968	beb5ea7b72	4	0.02	112623.7
1	0	0.0	100000.0	895	400065	4803789279348672769	beb5ea7b72	0	0.03	124436.9
1	0	0.0	100000.0	895	400065	4803789279348672769	beb5ea7b72	1	0.02	124436.9
1	0	0.0	100000.0	895	400065	4803789279348672769	beb5ea7b72	2	0.02	124436.9
1	0	0.0	100000.0	895	400065	4803789279348672769	beb5ea7b72	3	0.02	124436.9
1	0	0.0	100000.0	895	400065	4803789279348672769	beb5ea7b72	4	0.02	124436.9
1	0	0.0	100000.0	1001	500500	3508436502532993356	beb5ea7b72	0	0.03	112864.8
1	0	0.0	100000.0	1001	500500	3508436502532993356	beb5ea7b72	1	0.03	112864.8
1	0	0.0	100000.0	1001	500500	3508436502532993356	beb5ea7b72	2	0.03	112864.8
1	0	0.0	100000.0	1001	500500	3508436502532993356	beb5ea7b72	3	0.03	112864.8
1	0	0.0	100000.0	1001	500500	3508436502532993356	beb5ea7b72	4	0.03	112864.8
1	0	0.0	100000.0	1096	600060	11002444327164293152	beb5ea7b72	0	0.02	124601.3
1	0	0.0	100000.0	1096	600060	11002444327164293152	beb5ea7b72	1	0.04	124601.3
1	0	0.0	100000.0	1096	600060	11002444327164293152	beb5ea7b72	2	0.04	124601.3
1	0	0.0	100000.0	1096	600060	11002444327164293152	beb5ea7b72	3	0.03	124601.3
1	0	0.0	100000.0	1096	600060	11002444327164293152	beb5ea7b72	4	0.03	124601.3
1	0	0.0	100000.0	1333	200000	13252868028536094134	beb5ea7b72	0	0.00	517718.0
1	0	0.0	100000.0	1333	200000	13252868028536094134	beb5ea7b72	1	0.01	517718.0
1	0	0.0	100000.0	1333	200000	13252868028536094134	beb5ea7b72	2	0.02	517718.0
1	0	0.0	100000.0	1333	200000	13252868028536094134	beb5ea7b72	3	0.02	517718.0
1	0	0.0	100000.0	1333	200000	13252868028536094134	beb5ea7b72	4	0.01	517718.0
1	0	0.0	100000.0	1415	1000405	11055297663285745456	beb5ea7b72	0	0.08	118286.4
1	0	0.0	100000.0	1415	1000405	11055297663285745456	beb5ea7b72	1	0.06	118286.4
1	0	0.0	100000.0	1415	1000405	11055297663285745456	beb5ea7b72	2	0.06	118286.4
1	0	0.0	100000.0	1415	1000405	11055297663285745456	beb5ea7b72	3	0.07	118286.4
1	0	0.0	100000.0	1415	1000405	11055297663285745456	beb5ea7b72	4	0.06	118286.4
1	0	0.0	100000.0	2000	100000	10548967994660097113	beb5ea7b72	0	0.00	2473204.6
1	0	0.0	100000.0	2000	100000	10548967994660097113	beb5ea7b72	1	0.01	2473204.6
1	0	0.0	100000.0	2000	100000	10548967994660097113	beb5ea7b72	2	0.00	2473204.6
1	0	0.0	100000.0	2000	100000	10548967994660097113	beb5ea7b72	3	0.01	2473204.6
1	0	0.0	100000.0	2000	100000	10548967994660097113	beb5ea7b72	4	0.00	2473204.6
1	0	0.0	100000.0	2000	300000	15673353246080233962	beb5ea7b72	0	0.01	836550.7
1	0	0.0	100000.0	2000	300000	15673353246080233962	beb5ea7b72	1	0.02	836550.7
1	0	0.0	100000.0	2000	300000	15673353246080233962	beb5ea7b72	2	0.02	836550.7
1	0	0.0	100000.0	2000	300000	15673353246080233962	beb5ea7b72	3	0.02	836550.7
1	0	0.0	100000.0	2000	300000	15673353246080233962	beb5ea7b72	4	0.03	836550.7
1	0	0.0	100000.0	2001	2001000	3231035565518802519	beb5ea7b72	0	0.14	125512.9
1	0	0.0	100000.0	2001	2001000	3231035565518802519	beb5ea7b72	1	0.14	125512.9
1	0	0.0	100000.0	2001	2001000	3231035565518802519	beb5ea7b72	2	0.14	125512.9
1	0	0.0	100000.0	2001	2001000	3231035565518802519	beb5ea7b72	3	0.13	125512.9
1	0	0.0	100000.0	2001	2001000	3231035565518802519	beb5ea7b72	4	0.14	125512.9
1	0	0.0	100000.0	2450	3000025	4875142143772139927	beb5ea7b72	0	0.22	123426.3
1	0	0.0	100000.0	2450	3000025	4875142143772139927	beb5ea7b72	1	0.22	123426.3
1	0	0.0	100000.0	2450	3000025	4875142143772139927	beb5ea7b72	2	0.20	123426.3
1	0	0.0	100000.0	2450	3000025	4875142143772139927	beb5ea7b72	3	0.20	123426.3
1	0	0.0	100000.0	2450	3000025	4875142143772139927	beb5ea7b72	4	0.22	123426.3
1	0	0.0	100000.0	2666	400000	16940926852185232446	beb5ea7b72	0	0.03	1063806.8
1	0	0.0	100000.0	2666	400000	16940926852185232446	beb5ea7b72	1	0.03	1063806.8
1	0	0.0	100000.0	2666	400000	16940926852185232446	beb5ea7b72	2	0.03	1063806.8
1	0	0.0	100000.0	2666	400000	16940926852185232446	beb5ea7b72	3	0.03	1063806.8
1	0	0.0	100000.0	2666	400000	16940926852185232446	beb5ea7b72	4	0.03	1063806.8
1	0	0.0	100000.0	2829	4000206	4410509844383751366	beb5ea7b72	0	0.30	116211.1
1	0	0.0	100000.0	2829	4000206	4410509844383751366	beb5ea7b72	1	0.28	116211.1
1	0	0.0	100000.0	2829	4000206	4410509844383751366	beb5ea7b72	2	0.28	116211.1
1	0	0.0	100000.0	2829	4000206	4410509844383751366	beb5ea7b72	3	0.29	116211.1
1	0	0.0	100000.0	2829	4000206	4410509844383751366	beb5ea7b72	4	0.29	116211.1
1	0	0.0	100000.0	3163	5000703	12893462876982401791	beb5ea7b72	0	0.37	119481.0
1	0	0.0	100000.0	3163	5000703	12893462876982401791	beb5ea7b72	1	0.36	119481.0
1	0	0.0	100000.0	3163	5000703	12893462876982401791	beb5ea7b72	2	0.36	119481.0
1	0	0.0	100000.0	3163	5000703	12893462876982401791	beb5ea7b72	3	0.36	119481.0
1	0	0.0	100000.0	3163	5000703	12893462876982401791	beb5ea7b72	4	0.33	119481.0
1	0	0.0	100000.0	3333	500000	16229314348623742586	beb5ea7b72	0	0.05	1355360.1
1	0	0.0	100000.0	3333	500000	16229314348623742586	beb5ea7b72	1	0.04	1355360.1
1	0	0.0	100000.0	3333	500000	16229314348623742586	beb5ea7b72	2	0.04	1355360.1
1	0	0.0	100000.0	3333	500000	16229314348623742586	beb5ea7b72	3	0.04	1355360.1
1	0	0.0	100000.0	3333	500000	16229314348623742586	beb5ea7b72	4	0.04	1355360.1
1	0	0.0	100000.0	3333	5000000	10987069171828141427	beb5ea7b72	0	0.52	134328.2
1	0	0.0	100000.0	3333	5000000	10987069171828141427	beb5ea7b72	1	0.47	134328.2
1	0	0.0	100000.0	3333	5000000	10987069171828141427	beb5ea7b72	2	0.47	134328.2
1	0	0.0	100000.0	3333	5000000	10987069171828141427	beb5ea7b72	3	0.48	134328.2
1	0	0.0	100000.0	3333	5000000	10987069171828141427	beb5ea7b72	4	0.47	134328.2
1	0	0.0	100000.0	3465	6001380	13625375710347212114	beb5ea7b72	0	0.48	120724.9
1	0	0.0	100000.0	3465	6001380	13625375710347212114	beb5ea7b72	1	0.42	120724.9
1	0	0.0	100000.0	3465	6001380	13625375710347212114	beb5ea7b72	2	0.41	120724.9
1	0	0.0	100000.0	3465	6001380	13625375710347212114	beb5ea7b72	3	0.43	120724.9
1	0	0.0	100000.0	3465	6001380	13625375710347212114	beb5ea7b72	4	0.39	120724.9
1	0	0.0	100000.0	3743	7003153	9477885521745518800	beb5ea7b72	0	0.48	120473.5
1	0	0.0	100000.0	3743	7003153	9477885521745518800	beb5ea7b72	1	0.50	120473.5
1	0	0.0	100000.0	3743	7003153	9477885521745518800	beb5ea7b72	2	0.46	120473.5
1	0	0.0	100000.0	3743	7003153	9477885521745518800	beb5ea7b72	3	0.50	120473.5
1	0	0.0	100000.0	3743	7003153	9477885521745518800	beb5ea7b72	4	0.52	120473.5
1	0	0.0	100000.0	4000	200000	11077890036018704681	beb5ea7b72	0	0.02	4816433.3
1	0	0.0	100000.0	4000	200000	11077890036018704681	beb5ea7b72	1	0.02	4816433.3
1	0	0.0	100000.0	4000	200000	11077890036018704681	beb5ea7b72	2	0.02	4816433.3
1	0	0.0	100000.0	4000	200000	11077890036018704681	beb5ea7b72	3	0.02	4816433.3
1	0	0.0	100000.0	4000	200000	11077890036018704681	beb5ea7b72	4	0.02	4816433.3
1	0	0.0	100000.0	4000	600000	18282404505898927552	beb5ea7b72	0	0.07	1594139.3
1	0	0.0	100000.0	4000	600000	18282404505898927552	beb5ea7b72	1	0.04	1594139.3
1	0	0.0	100000.0	4000	600000	18282404505898927552	beb5ea7b72	2	0.05	1594139.3
1	0	0.0	100000.0	4000	600000	18282404505898927552	beb5ea7b72	3	0.06	1594139.3
1	0	0.0	100000.0	4000	600000	18282404505898927552	beb5ea7b72	4	0.05	1594139.3
1	0	0.0	100000.0	4000	6000000	7931701955387166256	beb5ea7b72	0	0.57	163635.0
1	0	0.0	100000.0	4000	6000000	7931701955387166256	beb5ea7b72	1	0.60	163635.0
1	0	0.0	100000.0	4000	6000000	7931701955387166256	beb5ea7b72	2	0.57	163635.0
1	0	0.0	100000.0	4000	6000000	7931701955387166256	beb5ea7b72	3	0.58	163635.0
1	0	0.0	100000.0	4000	6000000	7931701955387166256	beb5ea7b72	4	0.59	163635.0
1	0	0.0	100000.0	4001	8002000	11122792305679349330	beb5ea7b72	0	0.58	119767.3
1	0	0.0	100000.0	4001	8002000	11122792305679349330	beb5ea7b72	1	0.55	119767.3
1	0	0.0	100000.0	4001	8002000	11122792305679349330	beb5ea7b72	2	0.58	119767.3
1	0	0.0	100000.0	4001	8002000	11122792305679349330	beb5ea7b72	3	0.57	119767.3
1	0	0.0	100000.0	4001	8002000	11122792305679349330	beb5ea7b72	4	0.58	119767.3
1	0	0.0	100000.0	4244	9003646	15998940543895305699	beb5ea7b72	0	0.69	119772.5
1	0	0.0	100000.0	4244	9003646	15998940543895305699	beb5ea7b72	1	0.65	119772.5
1	0	0.0	100000.0	4244	9003646	15998940543895305699	beb5ea7b72	2	0.63	119772.5
1	0	0.0	100000.0	4244	9003646	15998940543895305699	beb5ea7b72	3	0.62	119772.5
1	0	0.0	100000.0	4244	9003646	15998940543895305699	beb5ea7b72	4	0.66	119772.5
1	0	0.0	100000.0	4473	10001628	60442884859400797	beb5ea7b72	0	0.74	123166.1
1	0	0.0	100000.0	4473	10001628	60442884859400797	beb5ea7b72	1	0.72	123166.1
1	0	0.0	100000.0	4473	10001628	60442884859400797	beb5ea7b72	2	0.71	123166.1
1	0	0.0	100000.0	4473	10001628	60442884859400797	beb5ea7b72	3	0.73	123166.1
1	0	0.0	100000.0	4473	10001628	60442884859400797	beb5ea7b72	4	0.68	123166.1
1	0	0.0	100000.0	4666	7000000	5513993795884221396	beb5ea7b72	0	0.76	187369.8
1	0	0.0	100000.0	4666	7000000	5513993795884221396	beb5ea7b72	1	0.66	187369.8
1	0	0.0	100000.0	4666	7000000	5513993795884221396	beb5ea7b72	2	0.64	187369.8
1	0	0.0	100000.0	4666	7000000	5513993795884221396	beb5ea7b72	3	0.67	187369.8
1	0	0.0	100000.0	4666	7000000	5513993795884221396	beb5ea7b72	4	0.67	187369.8
1	0	0.0	100000.0	5333	8000000	8877577877613262218	beb5ea7b72	0	0.81	215187.9
1	0	0.0	100000.0	5333	8000000	8877577877613262218	beb5ea7b72	1	0.74	215187.9
1	0	0.0	100000.0	5333	8000000	8877577877613262218	beb5ea7b72	2	0.78	215187.9
1	0	0.0	100000.0	5333	8000000	8877577877613262218	beb5ea7b72	3	0.78	215187.9
1	0	0.0	100000.0	5333	8000000	8877577877613262218	beb5ea7b72	4	0.76	215187.9
1	0	0.0	100000.0	6000	300000	16876383314341572275	beb5ea7b72	0	0.05	7123243.9
1	0	0.0	100000.0	6000	300000	16876383314341572275	beb5ea7b72	1	0.03	7123243.9
1	0	0.0	100000.0	6000	300000	16876383314341572275	beb5ea7b72	2	0.03	7123243.9
1	0	0.0	100000.0	6000	300000	16876383314341572275	beb5ea7b72	3	0.03	7123243.9
1	0	0.0	100000.0	6000	300000	16876383314341572275	beb5ea7b72	4	0.02	7123243.9
1	0	0.0	100000.0	6000	9000000	6310172644662009711	beb5ea7b72	0	0.86	239266.3
1	0	0.0	100000.0	6000	9000000	6310172644662009711	beb5ea7b72	1	0.87	239266.3
1	0	0.0	100000.0	6000	9000000	6310172644662009711	beb5ea7b72	2	0.88	239266.3
1	0	0.0	100000.0	6000	9000000	6310172644662009711	beb5ea7b72	3	0.88	239266.3
1	0	0.0	100000.0	6000	9000000	6310172644662009711	beb5ea7b72	4	0.86	239266.3
1	0	0.0	100000.0	6666	1000000	4356534229021914824	beb5ea7b72	0	0.10	2657916.1
1	0	0.0	100000.0	6666	1000000	4356534229021914824	beb5ea7b72	1	0.10	2657916.1
1	0	0.0	100000.0	6666	1000000	4356534229021914824	beb5ea7b72	2	0.10	2657916.1
1	0	0.0	100000.0	6666	1000000	4356534229021914824	beb5ea7b72	3	0.10	2657916.1
1	0	0.0	100000.0	6666	1000000	4356534229021914824	beb5ea7b72	4	0.10	2657916.1
1	0	0.0	100000.0	6666	10000000	6315500809367382057	beb5ea7b72	0	0.98	264416.4
1	0	0.0	100000.0	6666	10000000	6315500809367382057	beb5ea7b72	1	0.97	264416.4
1	0	0.0	100000.0	6666	10000000	6315500809367382057	beb5ea7b72	2	0.97	264416.4
1	0	0.0	100000.0	6666	10000000	6315500809367382057	beb5ea7b72	3	0.94	264416.4
1	0	0.0	100000.0	6666	10000000	6315500809367382057	beb5ea7b72	4	0.97	264416.4
1	0	0.0	100000.0	8000	400000	755316621960084639	beb5ea7b72	0	0.04	9467825.9
1	0	0.0	100000.0	8000	400000	755316621960084639	beb5ea7b72	1	0.04	9467825.9
1	0	0.0	100000.0	8000	400000	755316621960084639	beb5ea7b72	2	0.04	9467825.9
1	0	0.0	100000.0	8000	400000	755316621960084639	beb5ea7b72	3	0.04	9467825.9
1	0	0.0	100000.0	8000	400000	755316621960084639	beb5ea7b72	4	0.04	9467825.9
1	0	0.0	100000.0	10000	500000	18339689232274065664	beb5ea7b72	0	0.06	11908635.0
1	0	0.0	100000.0	10000	500000	18339689232274065664	beb5ea7b72	1	0.05	11908635.0
1	0	0.0	100000.0	10000	500000	18339689232274065664	beb5ea7b72	2	0.05	11908635.0
1	0	0.0	100000.0	10000	500000	18339689232274065664	beb5ea7b72	3	0.06	11908635.0
1	0	0.0	100000.0	10000	500000	18339689232274065664	beb5ea7b72	4	0.05	11908635.0
1	0	0.0	100000.0	12000	600000	5262836347240896551	beb5ea7b72	0	0.05	14490384.5
1	0	0.0	100000.0	12000	600000	5262836347240896551	beb5ea7b72	1	0.07	14490384.5
1	0	0.0	100000.0	12000	600000	5262836347240896551	beb5ea7b72	2	0.07	14490384.5
1	0	0.0	100000.0	12000	600000	5262836347240896551	beb5ea7b72	3	0.07	14490384.5
1	0	0.0	100000.0	12000	600000	5262836347240896551	beb5ea7b72	4	0.07	14490384.5
1	0	0.0	100000.0	13333	2000000	891847535882743730	beb5ea7b72	0	0.22	5325862.5
1	0	0.0	100000.0	13333	2000000	891847535882743730	beb5ea7b72	1	0.20	5325862.5
1	0	0.0	100000.0	13333	2000000	891847535882743730	beb5ea7b72	2	0.21	5325862.5
1	0	0.0	100000.0	13333	2000000	891847535882743730	beb5ea7b72	3	0.22	5325862.5
1	0	0.0	100000.0	13333	2000000	891847535882743730	beb5ea7b72	4	0.21	5325862.5
1	0	0.0	100000.0	20000	100000	1533312627852890609	beb5ea7b72	0	0.02	241804475.2
1	0	0.0	100000.0	20000	100000	1533312627852890609	beb5ea7b72	1	0.02	241804475.2
1	0	0.0	100000.0	20000	100000	1533312627852890609	beb5ea7b72	2	0.02	241804475.2
1	0	0.0	100000.0	20000	100000	1533312627852890609	beb5ea7b72	3	0.02	241804475.2
1	0	0.0	100000.0	20000	100000	1533312627852890609	beb5ea7b72	4	0.02	241804475.2
1	0	0.0	100000.0	20000	1000000	13069913579053031500	beb5ea7b72	0	0.12	24054678.9
1	0	0.0	100000.0	20000	1000000	13069913579053031500	beb5ea7b72	1	0.12	24054678.9
1	0	0.0	100000.0	20000	1000000	13069913579053031500	beb5ea7b72	2	0.12	24054678.9
1	0	0.0	100000.0	20000	1000000	13069913579053031500	beb5ea7b72	3	0.12	24054678.9
1	0	0.0	100000.0	20000	1000000	13069913579053031500	beb5ea7b72	4	0.13	24054678.9
1	0	0.0	100000.0	20000	3000000	12312139290892677403	beb5ea7b72	0	0.35	7929931.6
1	0	0.0	100000.0	20000	3000000	12312139290892677403	beb5ea7b72	1	0.34	7929931.6
1	0	0.0	100000.0	20000	3000000	12312139290892677403	beb5ea7b72	2	0.34	7929931.6
1	0	0.0	100000.0	20000	3000000	12312139290892677403	beb5ea7b72	3	0.32	7929931.6
1	0	0.0	100000.0	20000	3000000	12312139290892677403	beb5ea7b72	4	0.35	7929931.6
1	0	0.0	100000.0	26666	4000000	13571200969606074972	beb5ea7b72	0	0.49	10776385.2
1	0	0.0	100000.0	26666	4000000	13571200969606074972	beb5ea7b72	1	0.49	10776385.2
1	0	0.0	100000.0	26666	4000000	13571200969606074972	beb5ea7b72	2	0.46	10776385.2
1	0	0.0	100000.0	26666	4000000	13571200969606074972	beb5ea7b72	3	0.47	10776385.2
1	0	0.0	100000.0	26666	4000000	13571200969606074972	beb5ea7b72	4	0.47	10776385.2
1	0	0.0	100000.0	33333	5000000	13603740195421004674	beb5ea7b72	0	0.64	13298075.3
1	0	0.0	100000.0	33333	5000000	13603740195421004674	beb5ea7b72	1	0.62	13298075.3
1	0	0.0	100000.0	33333	5000000	13603740195421004674	beb5ea7b72	2	0.64	13298075.3
1	0	0.0	100000.0	33333	5000000	13603740195421004674	beb5ea7b72	3	0.63	13298075.3
1	0	0.0	100000.0	33333	5000000	13603740195421004674	beb5ea7b72	4	0.62	13298075.3
1	0	0.0	100000.0	40000	200000	7135658933360500284	beb5ea7b72	0	0.04	480065708.6
1	0	0.0	100000.0	40000	200000	7135658933360500284	beb5ea7b72	1	0.05	480065708.6
1	0	0.0	100000.0	40000	200000	7135658933360500284	beb5ea7b72	2	0.04	480065708.6
1	0	0.0	100000.0	40000	200000	7135658933360500284	beb5ea7b72	3	0.05	480065708.6
1	0	0.0	100000.0	40000	200000	7135658933360500284	beb5ea7b72	4	0.04	480065708.6
1	0	0.0	100000.0	40000	2000000	16096550590258229748	beb5ea7b72	0	0.28	48202327.5
1	0	0.0	100000.0	40000	2000000	16096550590258229748	beb5ea7b72	1	0.27	48202327.5
1	0	0.0	100000.0	40000	2000000	16096550590258229748	beb5ea7b72	2	0.28	48202327.5
1	0	0.0	100000.0	40000	2000000	16096550590258229748	beb5ea7b72	3	0.28	48202327.5
1	0	0.0	100000.0	40000	2000000	16096550590258229748	beb5ea7b72	4	0.28	48202327.5
1	0	0.0	100000.0	40000	6000000	12397582381595870715	beb5ea7b72	0	0.76	15932163.9
1	0	0.0	100000.0	40000	6000000	12397582381595870715	beb5ea7b72	1	0.74	15932163.9
1	0	0.0	100000.0	40000	6000000	12397582381595870715	beb5ea7b72	2	0.77	15932163.9
1	0	0.0	100000.0	40000	6000000	12397582381595870715	beb5ea7b72	3	0.77	15932163.9
1	0	0.0	100000.0	40000	6000000	12397582381595870715	beb5ea7b72	4	0.76	15932163.9
1	0	0.0	100000.0	46666	7000000	11012926844825873752	beb5ea7b72	0	0.94	18586101.5
1	0	0.0	100000.0	46666	7000000	11012926844825873752	beb5ea7b72	1	0.91	18586101.5
1	0	0.0	100000.0	46666	7000000	11012926844825873752	beb5ea7b72	2	0.92	18586101.5
1	0	0.0	100000.0	46666	7000000	11012926844825873752	beb5ea7b72	3	0.90	18586101.5
1	0	0.0	100000.0	46666	7000000	11012926844825873752	beb5ea7b72	4	0.91	18586101.5
1	0	0.0	100000.0	53333	8000000	4467822668748737158	beb5ea7b72	0	1.10	21259332.0
1	0	0.0	100000.0	53333	8000000	4467822668748737158	beb5ea7b72	1	1.08	21259332.0
1	0	0.0	100000.0	53333	8000000	4467822668748737158	beb5ea7b72	2	1.04	21259332.0
1	0	0.0	100000.0	53333	8000000	4467822668748737158	beb5ea7b72	3	1.10	21259332.0
1	0	0.0	100000.0	53333	8000000	4467822668748737158	beb5ea7b72	4	1.08	21259332.0
1	0	0.0	100000.0	60000	300000	17103183771580681963	beb5ea7b72	0	0.08	722147579.2
1	0	0.0	100000.0	60000	300000	17103183771580681963	beb5ea7b72	1	0.08	722147579.2
1	0	0.0	100000.0	60000	300000	17103183771580681963	beb5ea7b72	2	0.07	722147579.2
1	0	0.0	100000.0	60000	300000	17103183771580681963	beb5ea7b72	3	0.09	722147579.2
1	0	0.0	100000.0	60000	300000	17103183771580681963	beb5ea7b72	4	0.08	722147579.2
1	0	0.0	100000.0	60000	3000000	9240680691044973071	beb5ea7b72	0	0.49	71913605.4
1	0	0.0	100000.0	60000	3000000	9240680691044973071	beb5ea7b72	1	0.46	71913605.4
1	0	0.0	100000.0	60000	3000000	9240680691044973071	beb5ea7b72	2	0.47	71913605.4
1	0	0.0	100000.0	60000	3000000	9240680691044973071	beb5ea7b72	3	0.48	71913605.4
1	0	0.0	100000.0	60000	3000000	9240680691044973071	beb5ea7b72	4	0.46	71913605.4
1	0	0.0	100000.0	60000	9000000	18185036823968426880	beb5ea7b72	0	1.34	24225019.6
1	0	0.0	100000.0	60000	9000000	18185036823968426880	beb5ea7b72	1	1.25	24225019.6
1	0	0.0	100000.0	60000	9000000	18185036823968426880	beb5ea7b72	2	1.30	24225019.6
1	0	0.0	100000.0	60000	9000000	18185036823968426880	beb5ea7b72	3	1.26	24225019.6
1	0	0.0	100000.0	60000	9000000	18185036823968426880	beb5ea7b72	4	1.25	24225019.6
1	0	0.0	100000.0	66666	10000000	914553163144329140	beb5ea7b72	0	1.46	26685093.7
1	0	0.0	100000.0	66666	10000000	914553163144329140	beb5ea7b72	1	1.44	26685093.7
1	0	0.0	100000.0	66666	10000000	914553163144329140	beb5ea7b72	2	1.45	26685093.7
1	0	0.0	100000.0	66666	10000000	914553163144329140	beb5ea7b72	3	1.46	26685093.7
1	0	0.0	100000.0	66666	10000000	914553163144329140	beb5ea7b72	4	1.46	26685093.7
1	0	0.0	100000.0	80000	400000	6561446827289393555	beb5ea7b72	0	0.12	960573906.4
1	0	0.0	100000.0	80000	400000	6561446827289393555	beb5ea7b72	1	0.12	960573906.4
1	0	0.0	100000.0	80000	400000	6561446827289393555	beb5ea7b72	2	0.13	960573906.4
1	0	0.0	100000.0	80000	400000	6561446827289393555	beb5ea7b72	3	0.12	960573906.4
1	0	0.0	100000.0	80000	400000	6561446827289393555	beb5ea7b72	4	0.13	960573906.4
1	0	0.0	100000.0	80000	4000000	15937747594750973039	beb5ea7b72	0	0.71	95912225.0
1	0	0.0	100000.0	80000	4000000	15937747594750973039	beb5ea7b72	1	0.67	95912225.0
1	0	0.0	100000.0	80000	4000000	15937747594750973039	beb5ea7b72	2	0.67	95912225.0
1	0	0.0	100000.0	80000	4000000	15937747594750973039	beb5ea7b72	3	0.67	95912225.0
1	0	0.0	100000.0	80000	4000000	15937747594750973039	beb5ea7b72	4	0.70	95912225.0
1	0	0.0	100000.0	100000	500000	16414008610982271796	beb5ea7b72	0	0.17	1201548518.4
1	0	0.0	100000.0	100000	500000	16414008610982271796	beb5ea7b72	1	0.17	1201548518.4
1	0	0.0	100000.0	100000	500000	16414008610982271796	beb5ea7b72	2	0.18	1201548518.4
1	0	0.0	100000.0	100000	500000	16414008610982271796	beb5ea7b72	3	0.17	1201548518.4
1	0	0.0	100000.0	100000	500000	16414008610982271796	beb5ea7b72	4	0.18	1201548518.4
1	0	0.0	100000.0	100000	5000000	11121577870134521948	beb5ea7b72	0	0.98	121004471.2
1	0	0.0	100000.0	100000	5000000	11121577870134521948	beb5ea7b72	1	0.93	121004471.2
1	0	0.0	100000.0	100000	5000000	11121577870134521948	beb5ea7b72	2	0.95	121004471.2
1	0	0.0	100000.0	100000	5000000	11121577870134521948	beb5ea7b72	3	0.93	121004471.2
1	0	0.0	100000.0	100000	5000000	11121577870134521948	beb5ea7b72	4	0.97	121004471.2
1	0	0.0	100000.0	120000	600000	17351615455983141417	beb5ea7b72	0	0.22	1438768954.8
1	0	0.0	100000.0	120000	600000	17351615455983141417	beb5ea7b72	1	0.23	1438768954.8
1	0	0.0	100000.0	120000	600000	17351615455983141417	beb5ea7b72	2	0.23	1438768954.8
1	0	0.0	100000.0	120000	600000	17351615455983141417	beb5ea7b72	3	0.22	1438768954.8
1	0	0.0	100000.0	120000	600000	17351615455983141417	beb5ea7b72	4	0.23	1438768954.8
1	0	0.0	100000.0	120000	6000000	13773857825730700846	beb5ea7b72	0	1.30	144154637.5
1	0	0.0	100000.0	120000	6000000	13773857825730700846	beb5ea7b72	1	1.23	144154637.5
1	0	0.0	100000.0	120000	6000000	13773857825730700846	beb5ea7b72	2	1.26	144154637.5
1	0	0.0	100000.0	120000	6000000	13773857825730700846	beb5ea7b72	3	1.26	144154637.5
1	0	0.0	100000.0	120000	6000000	13773857825730700846	beb5ea7b72	4	1.26	144154637.5
1	0	0.0	100000.0	140000	7000000	3486878521225703964	beb5ea7b72	0	1.67	168587054.6
1	0	0.0	100000.0	140000	7000000	3486878521225703964	beb5ea7b72	1	1.62	168587054.6
1	0	0.0	100000.0	140000	7000000	3486878521225703964	beb5ea7b72	2	1.57	168587054.6
1	0	0.0	100000.0	140000	7000000	3486878521225703964	beb5ea7b72	3	1.61	168587054.6
1	0	0.0	100000.0	140000	7000000	3486878521225703964	beb5ea7b72	4	1.59	168587054.6
1	0	0.0	100000.0	160000	8000000	1999333325894724774	beb5ea7b72	0	2.04	192647383.6
1	0	0.0	100000.0	160000	8000000	1999333325894724774	beb5ea7b72	1	1.94	192647383.6
1	0	0.0	100000.0	160000	8000000	1999333325894724774	beb5ea7b72	2	1.93	192647383.6
1	0	0.0	100000.0	160000	8000000	1999333325894724774	beb5ea7b72	3	1.97	192647383.6
1	0	0.0	100000.0	160000	8000000	1999333325894724774	beb5ea7b72	4	1.93	192647383.6
1	0	0.0	100000.0	180000	9000000	17545454005027890892	beb5ea7b72	0	2.37	215567078.3
1	0	0.0	100000.0	180000	9000000	17545454005027890892	beb5ea7b72	1	2.30	215567078.3
1	0	0.0	100000.0	180000	9000000	17545454005027890892	beb5ea7b72	2	2.32	215567078.3
1	0	0.0	100000.0	180000	9000000	17545454005027890892	beb5ea7b72	3	2.30	215567078.3
1	0	0.0	100000.0	180000	9000000	17545454005027890892	beb5ea7b72	4	2.30	215567078.3
1	0	0.0	100000.0	200000	1000000	1398460219366519399	beb5ea7b72	0	0.49	2392384016.9
1	0	0.0	100000.0	200000	1000000	1398460219366519399	beb5ea7b72	1	0.48	2392384016.9
1	0	0.0	100000.0	200000	1000000	1398460219366519399	beb5ea7b72	2	0.47	2392384016.9
1	0	0.0	100000.0	200000	1000000	1398460219366519399	beb5ea7b72	3	0.48	2392384016.9
1	0	0.0	100000.0	200000	1000000	1398460219366519399	beb5ea7b72	4	0.48	2392384016.9
1	0	0.0	100000.0	200000	10000000	3947702096084614523	beb5ea7b72	0	2.80	240760496.3
1	0	0.0	100000.0	200000	10000000	3947702096084614523	beb5ea7b72	1	2.71	240760496.3
1	0	0.0	100000.0	200000	10000000	3947702096084614523	beb5ea7b72	2	2.68	240760496.3
1	0	0.0	100000.0	200000	10000000	3947702096084614523	beb5ea7b72	3	2.70	240760496.3
1	0	0.0	100000.0	200000	10000000	3947702096084614523	beb5ea7b72	4	2.72	240760496.3
1	0	0.0	100000.0	400000	2000000	17944962480405299705	beb5ea7b72	0	1.24	4793932680.1
1	0	0.0	100000.0	400000	2000000	17944962480405299705	beb5ea7b72	1	1.18	4793932680.1
1	0	0.0	100000.0	400000	2000000	17944962480405299705	beb5ea7b72	2	1.21	4793932680.1
1	0	0.0	100000.0	400000	2000000	17944962480405299705	beb5ea7b72	3	1.21	4793932680.1
1	0	0.0	100000.0	400000	2000000	17944962480405299705	beb5ea7b72	4	1.20	4793932680.1
1	0	0.0	100000.0	600000	3000000	11754708842616013271	beb5ea7b72	0	2.00	7183651808.5
1	0	0.0	100000.0	600000	3000000	11754708842616013271	beb5ea7b72	1	1.98	7183651808.5
1	0	0.0	100000.0	600000	3000000	11754708842616013271	beb5ea7b72	2	1.99	7183651808.5
1	0	0.0	100000.0	600000	3000000	11754708842616013271	beb5ea7b72	3	1.96	7183651808.5
1	0	0.0	100000.0	600000	3000000	11754708842616013271	beb5ea7b72	4	1.97	7183651808.5
1	0	0.0	100000.0	800000	4000000	9621688644973394529	beb5ea7b72	0	2.74	9580647317.4
1	0	0.0	100000.0	800000	4000000	9621688644973394529	beb5ea7b72	1	2.74	9580647317.4
1	0	0.0	100000.0	800000	4000000	9621688644973394529	beb5ea7b72	2	2.70	9580647317.4
1	0	0.0	100000.0	800000	4000000	9621688644973394529	beb5ea7b72	3	2.75	9580647317.4
1	0	0.0	100000.0	800000	4000000	9621688644973394529	beb5ea7b72	4	2.76	9580647317.4
1	0	0.0	100000.0	1000000	5000000	9521775730815841502	beb5ea7b72	0	3.58	11992194751.4
1	0	0.0	100000.0	1000000	5000000	9521775730815841502	beb5ea7b72	1	3.58	11992194751.4
1	0	0.0	100000.0	1000000	5000000	9521775730815841502	beb5ea7b72	2	3.58	11992194751.4
1	0	0.0	100000.0	1000000	5000000	9521775730815841502	beb5ea7b72	3	3.58	11992194751.4
1	0	0.0	100000.0	1000000	5000000	9521775730815841502	beb5ea7b72	4	3.60	11992194751.4
1	0	0.0	100000.0	1200000	6000000	6424778847925609013	beb5ea7b72	0	4.42	14380936386.8
1	0	0.0	100000.0	1200000	6000000	6424778847925609013	beb5ea7b72	1	4.37	14380936386.8
1	0	0.0	100000.0	1200000	6000000	6424778847925609013	beb5ea7b72	2	4.38	14380936386.8
1	0	0.0	100000.0	1200000	6000000	6424778847925609013	beb5ea7b72	3	4.34	14380936386.8
1	0	0.0	100000.0	1200000	6000000	6424778847925609013	beb5ea7b72	4	4.37	14380936386.8
1	0	0.0	100000.0	1400000	7000000	6041118559500250816	beb5ea7b72	0	5.44	16749525538.3
1	0	0.0	100000.0	1400000	7000000	6041118559500250816	beb5ea7b72	1	5.36	16749525538.3
1	0	0.0	100000.0	1400000	7000000	6041118559500250816	beb5ea7b72	2	5.32	16749525538.3
1	0	0.0	100000.0	1400000	7000000	6041118559500250816	beb5ea7b72	3	5.36	16749525538.3
1	0	0.0	100000.0	1400000	7000000	6041118559500250816	beb5ea7b72	4	5.41	16749525538.3
1	0	0.0	100000.0	1600000	8000000	8363190133744155839	beb5ea7b72	0	6.18	19168583067.1
1	0	0.0	100000.0	1600000	8000000	8363190133744155839	beb5ea7b72	1	6.23	19168583067.1
1	0	0.0	100000.0	1600000	8000000	8363190133744155839	beb5ea7b72	2	6.15	19168583067.1
1	0	0.0	100000.0	1600000	8000000	8363190133744155839	beb5ea7b72	3	6.20	19168583067.1
1	0	0.0	100000.0	1600000	8000000	8363190133744155839	beb5ea7b72	4	6.22	19168583067.1
1	0	0.0	100000.0	1800000	9000000	2254863412304222447	beb5ea7b72	0	7.22	21578716128.9
1	0	0.0	100000.0	1800000	9000000	2254863412304222447	beb5ea7b72	1	7.24	21578716128.9
1	0	0.0	100000.0	1800000	9000000	2254863412304222447	beb5ea7b72	2	7.23	21578716128.9
1	0	0.0	100000.0	1800000	9000000	2254863412304222447	beb5ea7b72	3	7.24	21578716128.9
1	0	0.0	100000.0	1800000	9000000	2254863412304222447	beb5ea7b72	4	7.25	21578716128.9
1	0	0.0	100000.0	2000000	10000000	5518174614706333470	beb5ea7b72	0	8.30	23956399182.7
1	0	0.0	100000.0	2000000	10000000	5518174614706333470	beb5ea7b72	1	8.18	23956399182.7
1	0	0.0	100000.0	2000000	10000000	5518174614706333470	beb5ea7b72	2	8.16	23956399182.7
1	0	0.0	100000.0	2000000	10000000	5518174614706333470	beb5ea7b72	3	8.26	23956399182.7
1	0	0.0	100000.0	2000000	10000000	5518174614706333470	beb5ea7b72	4	8.18	23956399182.7
