#Prec	Dim	Min	Max     	|V|	|E|	Seed               	Rev       	Run#	Time(sec)	MSTWeight
1	0	0.0	100000.0	448	100128	1144473762101761719	c1fb4bd909	0	0.00	117491.1
1	0	0.0	100000.0	448	100128	1144473762101761719	c1fb4bd909	1	0.00	117491.1
1	0	0.0	100000.0	448	100128	1144473762101761719	c1fb4bd909	2	0.00	117491.1
1	0	0.0	100000.0	448	100128	1144473762101761719	c1fb4bd909	3	0.00	117491.1
1	0	0.0	100000.0	448	100128	1144473762101761719	c1fb4bd909	4	0.00	117491.1
1	0	0.0	100000.0	633	200028	10808559031493456036	c1fb4bd909	0	0.01	124428.4
1	0	0.0	100000.0	633	200028	10808559031493456036	c1fb4bd909	1	0.01	124428.4
1	0	0.0	100000.0	633	200028	10808559031493456036	c1fb4bd909	2	0.01	124428.4
1	0	0.0	100000.0	633	200028	10808559031493456036	c1fb4bd909	3	0.01	124428.4
1	0	0.0	100000.0	633	200028	10808559031493456036	c1fb4bd909	4	0.01	124428.4
1	0	0.0	100000.0	666	100000	8211211464294972040	c1fb4bd909	0	0.00	241395.4
1	0	0.0	100000.0	666	100000	8211211464294972040	c1fb4bd909	1	0.00	241395.4
1	0	0.0	100000.0	666	100000	8211211464294972040	c1fb4bd909	2	0.00	241395.4
1	0	0.0	100000.0	666	100000	8211211464294972040	c1fb4bd909	3	0.00	241395.4
1	0	0.0	100000.0	666	100000	8211211464294972040	c1fb4bd909	4	0.01	241395.4
1	0	0.0	100000.0	776	300700	7062495216961211968	c1fb4bd909	0	0.02	112623.7
1	0	0.0	100000.0	776	300700	7062495216961211968	c1fb4bd909	1	0.01	112623.7
1	0	0.0	100000.0	776	300700	7062495216961211968	c1fb4bd909	2	0.02	112623.7
1	0	0.0	100000.0	776	300700	7062495216961211968	c1fb4bd909	3	0.02	112623.7
1	0	0.0	100000.0	776	300700	7062495216961211968	c1fb4bd909	4	0.02	112623.7
1	0	0.0	100000.0	895	400065	4803789279348672769	c1fb4bd909	0	0.02	124436.9
1	0	0.0	100000.0	895	400065	4803789279348672769	c1fb4bd909	1	0.02	124436.9
1	0	0.0	100000.0	895	400065	4803789279348672769	c1fb4bd909	2	0.03	124436.9
1	0	0.0	100000.0	895	400065	4803789279348672769	c1fb4bd909	3	0.02	124436.9
1	0	0.0	100000.0	895	400065	4803789279348672769	c1fb4bd909	4	0.03	124436.9
1	0	0.0	100000.0	1001	500500	3508436502532993356	c1fb4bd909	0	0.04	112864.8
1	0	0.0	100000.0	1001	500500	3508436502532993356	c1fb4bd909	1	0.04	112864.8
1	0	0.0	100000.0	1001	500500	3508436502532993356	c1fb4bd909	2	0.04	112864.8
1	0	0.0	100000.0	1001	500500	3508436502532993356	c1fb4bd909	3	0.03	112864.8
1	0	0.0	100000.0	1001	500500	3508436502532993356	c1fb4bd909	4	0.03	112864.8
1	0	0.0	100000.0	1096	600060	11002444327164293152	c1fb4bd909	0	0.04	124601.3
1	0	0.0	100000.0	1096	600060	11002444327164293152	c1fb4bd909	1	0.04	124601.3
1	0	0.0	100000.0	1096	600060	11002444327164293152	c1fb4bd909	2	0.04	124601.3
1	0	0.0	100000.0	1096	600060	11002444327164293152	c1fb4bd909	3	0.04	124601.3
1	0	0.0	100000.0	1096	600060	11002444327164293152	c1fb4bd909	4	0.05	124601.3
1	0	0.0	100000.0	1333	200000	13252868028536094134	c1fb4bd909	0	0.01	517718.0
1	0	0.0	100000.0	1333	200000	13252868028536094134	c1fb4bd909	1	0.01	517718.0
1	0	0.0	100000.0	1333	200000	13252868028536094134	c1fb4bd909	2	0.02	517718.0
1	0	0.0	100000.0	1333	200000	13252868028536094134	c1fb4bd909	3	0.02	517718.0
1	0	0.0	100000.0	1333	200000	13252868028536094134	c1fb4bd909	4	0.01	517718.0
1	0	0.0	100000.0	1415	1000405	11055297663285745456	c1fb4bd909	0	0.08	118286.4
1	0	0.0	100000.0	1415	1000405	11055297663285745456	c1fb4bd909	1	0.07	118286.4
1	0	0.0	100000.0	1415	1000405	11055297663285745456	c1fb4bd909	2	0.08	118286.4
1	0	0.0	100000.0	1415	1000405	11055297663285745456	c1fb4bd909	3	0.07	118286.4
1	0	0.0	100000.0	1415	1000405	11055297663285745456	c1fb4bd909	4	0.07	118286.4
1	0	0.0	100000.0	2000	100000	10548967994660097113	c1fb4bd909	0	0.01	2473204.6
1	0	0.0	100000.0	2000	100000	10548967994660097113	c1fb4bd909	1	0.00	2473204.6
1	0	0.0	100000.0	2000	100000	10548967994660097113	c1fb4bd909	2	0.01	2473204.6
1	0	0.0	100000.0	2000	100000	10548967994660097113	c1fb4bd909	3	0.01	2473204.6
1	0	0.0	100000.0	2000	100000	10548967994660097113	c1fb4bd909	4	0.00	2473204.6
1	0	0.0	100000.0	2000	300000	15673353246080233962	c1fb4bd909	0	0.02	836550.7
1	0	0.0	100000.0	2000	300000	15673353246080233962	c1fb4bd909	1	0.02	836550.7
1	0	0.0	100000.0	2000	300000	15673353246080233962	c1fb4bd909	2	0.02	836550.7
1	0	0.0	100000.0	2000	300000	15673353246080233962	c1fb4bd909	3	0.02	836550.7
1	0	0.0	100000.0	2000	300000	15673353246080233962	c1fb4bd909	4	0.02	836550.7
1	0	0.0	100000.0	2001	2001000	3231035565518802519	c1fb4bd909	0	0.16	125512.9
1	0	0.0	100000.0	2001	2001000	3231035565518802519	c1fb4bd909	1	0.16	125512.9
1	0	0.0	100000.0	2001	2001000	3231035565518802519	c1fb4bd909	2	0.16	125512.9
1	0	0.0	100000.0	2001	2001000	3231035565518802519	c1fb4bd909	3	0.16	125512.9
1	0	0.0	100000.0	2001	2001000	3231035565518802519	c1fb4bd909	4	0.17	125512.9
1	0	0.0	100000.0	2450	3000025	4875142143772139927	c1fb4bd909	0	0.24	123426.3
1	0	0.0	100000.0	2450	3000025	4875142143772139927	c1fb4bd909	1	0.25	123426.3
1	0	0.0	100000.0	2450	3000025	4875142143772139927	c1fb4bd909	2	0.25	123426.3
1	0	0.0	100000.0	2450	3000025	4875142143772139927	c1fb4bd909	3	0.25	123426.3
1	0	0.0	100000.0	2450	3000025	4875142143772139927	c1fb4bd909	4	0.25	123426.3
1	0	0.0	100000.0	2666	400000	16940926852185232446	c1fb4bd909	0	0.04	1063806.8
1	0	0.0	100000.0	2666	400000	16940926852185232446	c1fb4bd909	1	0.03	1063806.8
1	0	0.0	100000.0	2666	400000	16940926852185232446	c1fb4bd909	2	0.03	1063806.8
1	0	0.0	100000.0	2666	400000	16940926852185232446	c1fb4bd909	3	0.03	1063806.8
1	0	0.0	100000.0	2666	400000	16940926852185232446	c1fb4bd909	4	0.03	1063806.8
1	0	0.0	100000.0	2829	4000206	4410509844383751366	c1fb4bd909	0	0.33	116211.1
1	0	0.0	100000.0	2829	4000206	4410509844383751366	c1fb4bd909	1	0.33	116211.1
1	0	0.0	100000.0	2829	4000206	4410509844383751366	c1fb4bd909	2	0.34	116211.1
1	0	0.0	100000.0	2829	4000206	4410509844383751366	c1fb4bd909	3	0.33	116211.1
1	0	0.0	100000.0	2829	4000206	4410509844383751366	c1fb4bd909	4	0.34	116211.1
1	0	0.0	100000.0	3163	5000703	12893462876982401791	c1fb4bd909	0	0.41	119481.0
1	0	0.0	100000.0	3163	5000703	12893462876982401791	c1fb4bd909	1	0.41	119481.0
1	0	0.0	100000.0	3163	5000703	12893462876982401791	c1fb4bd909	2	0.40	119481.0
1	0	0.0	100000.0	3163	5000703	12893462876982401791	c1fb4bd909	3	0.41	119481.0
1	0	0.0	100000.0	3163	5000703	12893462876982401791	c1fb4bd909	4	0.41	119481.0
1	0	0.0	100000.0	3333	500000	16229314348623742586	c1fb4bd909	0	0.04	1355360.1
1	0	0.0	100000.0	3333	500000	16229314348623742586	c1fb4bd909	1	0.04	1355360.1
1	0	0.0	100000.0	3333	500000	16229314348623742586	c1fb4bd909	2	0.04	1355360.1
1	0	0.0	100000.0	3333	500000	16229314348623742586	c1fb4bd909	3	0.04	1355360.1
1	0	0.0	100000.0	3333	500000	16229314348623742586	c1fb4bd909	4	0.04	1355360.1
1	0	0.0	100000.0	3333	5000000	10987069171828141427	c1fb4bd909	0	0.47	134328.2
1	0	0.0	100000.0	3333	5000000	10987069171828141427	c1fb4bd909	1	0.46	134328.2
1	0	0.0	100000.0	3333	5000000	10987069171828141427	c1fb4bd909	2	0.48	134328.2
1	0	0.0	100000.0	3333	5000000	10987069171828141427	c1fb4bd909	3	0.46	134328.2
1	0	0.0	100000.0	3333	5000000	10987069171828141427	c1fb4bd909	4	0.46	134328.2
1	0	0.0	100000.0	3465	6001380	13625375710347212114	c1fb4bd909	0	0.49	120724.9
1	0	0.0	100000.0	3465	6001380	13625375710347212114	c1fb4bd909	1	0.51	120724.9
1	0	0.0	100000.0	3465	6001380	13625375710347212114	c1fb4bd909	2	0.50	120724.9
1	0	0.0	100000.0	3465	6001380	13625375710347212114	c1fb4bd909	3	0.49	120724.9
1	0	0.0	100000.0	3465	6001380	13625375710347212114	c1fb4bd909	4	0.51	120724.9
1	0	0.0	100000.0	3743	7003153	9477885521745518800	c1fb4bd909	0	0.62	120473.5
1	0	0.0	100000.0	3743	7003153	9477885521745518800	c1fb4bd909	1	0.60	120473.5
1	0	0.0	100000.0	3743	7003153	9477885521745518800	c1fb4bd909	2	0.58	120473.5
1	0	0.0	100000.0	3743	7003153	9477885521745518800	c1fb4bd909	3	0.61	120473.5
1	0	0.0	100000.0	3743	7003153	9477885521745518800	c1fb4bd909	4	0.61	120473.5
1	0	0.0	100000.0	4000	200000	11077890036018704681	c1fb4bd909	0	0.02	4816433.3
1	0	0.0	100000.0	4000	200000	11077890036018704681	c1fb4bd909	1	0.02	4816433.3
1	0	0.0	100000.0	4000	200000	11077890036018704681	c1fb4bd909	2	0.02	4816433.3
1	0	0.0	100000.0	4000	200000	11077890036018704681	c1fb4bd909	3	0.02	4816433.3
1	0	0.0	100000.0	4000	200000	11077890036018704681	c1fb4bd909	4	0.01	4816433.3
1	0	0.0	100000.0	4000	600000	18282404505898927552	c1fb4bd909	0	0.05	1594139.3
1	0	0.0	100000.0	4000	600000	18282404505898927552	c1fb4bd909	1	0.06	1594139.3
1	0	0.0	100000.0	4000	600000	18282404505898927552	c1fb4bd909	2	0.05	1594139.3
1	0	0.0	100000.0	4000	600000	18282404505898927552	c1fb4bd909	3	0.05	1594139.3
1	0	0.0	100000.0	4000	600000	18282404505898927552	c1fb4bd909	4	0.05	1594139.3
1	0	0.0	100000.0	4000	6000000	7931701955387166256	c1fb4bd909	0	0.58	163635.0
1	0	0.0	100000.0	4000	6000000	7931701955387166256	c1fb4bd909	1	0.61	163635.0
1	0	0.0	100000.0	4000	6000000	7931701955387166256	c1fb4bd909	2	0.58	163635.0
1	0	0.0	100000.0	4000	6000000	7931701955387166256	c1fb4bd909	3	0.57	163635.0
1	0	0.0	100000.0	4000	6000000	7931701955387166256	c1fb4bd909	4	0.56	163635.0
1	0	0.0	100000.0	4001	8002000	11122792305679349330	c1fb4bd909	0	0.66	119767.3
1	0	0.0	100000.0	4001	8002000	11122792305679349330	c1fb4bd909	1	0.66	119767.3
1	0	0.0	100000.0	4001	8002000	11122792305679349330	c1fb4bd909	2	0.68	119767.3
1	0	0.0	100000.0	4001	8002000	11122792305679349330	c1fb4bd909	3	0.64	119767.3
1	0	0.0	100000.0	4001	8002000	11122792305679349330	c1fb4bd909	4	0.66	119767.3
1	0	0.0	100000.0	4244	9003646	15998940543895305699	c1fb4bd909	0	0.71	119772.5
1	0	0.0	100000.0	4244	9003646	15998940543895305699	c1fb4bd909	1	0.71	119772.5
1	0	0.0	100000.0	4244	9003646	15998940543895305699	c1fb4bd909	2	0.71	119772.5
1	0	0.0	100000.0	4244	9003646	15998940543895305699	c1fb4bd909	3	0.72	119772.5
1	0	0.0	100000.0	4244	9003646	15998940543895305699	c1fb4bd909	4	0.70	119772.5
1	0	0.0	100000.0	4473	10001628	60442884859400797	c1fb4bd909	0	0.90	123166.1
1	0	0.0	100000.0	4473	10001628	60442884859400797	c1fb4bd909	1	0.91	123166.1
1	0	0.0	100000.0	4473	10001628	60442884859400797	c1fb4bd909	2	0.90	123166.1
1	0	0.0	100000.0	4473	10001628	60442884859400797	c1fb4bd909	3	0.89	123166.1
1	0	0.0	100000.0	4473	10001628	60442884859400797	c1fb4bd909	4	0.90	123166.1
1	0	0.0	100000.0	4666	7000000	5513993795884221396	c1fb4bd909	0	0.63	187369.8
1	0	0.0	100000.0	4666	7000000	5513993795884221396	c1fb4bd909	1	0.63	187369.8
1	0	0.0	100000.0	4666	7000000	5513993795884221396	c1fb4bd909	2	0.65	187369.8
1	0	0.0	100000.0	4666	7000000	5513993795884221396	c1fb4bd909	3	0.64	187369.8
1	0	0.0	100000.0	4666	7000000	5513993795884221396	c1fb4bd909	4	0.65	187369.8
1	0	0.0	100000.0	5333	8000000	8877577877613262218	c1fb4bd909	0	0.72	215187.9
1	0	0.0	100000.0	5333	8000000	8877577877613262218	c1fb4bd909	1	0.72	215187.9
1	0	0.0	100000.0	5333	8000000	8877577877613262218	c1fb4bd909	2	0.70	215187.9
1	0	0.0	100000.0	5333	8000000	8877577877613262218	c1fb4bd909	3	0.73	215187.9
1	0	0.0	100000.0	5333	8000000	8877577877613262218	c1fb4bd909	4	0.73	215187.9
1	0	0.0	100000.0	6000	300000	16876383314341572275	c1fb4bd909	0	0.03	7123243.9
1	0	0.0	100000.0	6000	300000	16876383314341572275	c1fb4bd909	1	0.03	7123243.9
1	0	0.0	100000.0	6000	300000	16876383314341572275	c1fb4bd909	2	0.03	7123243.9
1	0	0.0	100000.0	6000	300000	16876383314341572275	c1fb4bd909	3	0.03	7123243.9
1	0	0.0	100000.0	6000	300000	16876383314341572275	c1fb4bd909	4	0.03	7123243.9
1	0	0.0	100000.0	6000	9000000	6310172644662009711	c1fb4bd909	0	0.86	239266.3
1	0	0.0	100000.0	6000	9000000	6310172644662009711	c1fb4bd909	1	0.84	239266.3
1	0	0.0	100000.0	6000	9000000	6310172644662009711	c1fb4bd909	2	0.85	239266.3
1	0	0.0	100000.0	6000	9000000	6310172644662009711	c1fb4bd909	3	0.86	239266.3
1	0	0.0	100000.0	6000	9000000	6310172644662009711	c1fb4bd909	4	0.86	239266.3
1	0	0.0	100000.0	6666	1000000	4356534229021914824	c1fb4bd909	0	0.09	2657916.1
1	0	0.0	100000.0	6666	1000000	4356534229021914824	c1fb4bd909	1	0.10	2657916.1
1	0	0.0	100000.0	6666	1000000	4356534229021914824	c1fb4bd909	2	0.10	2657916.1
1	0	0.0	100000.0	6666	1000000	4356534229021914824	c1fb4bd909	3	0.09	2657916.1
1	0	0.0	100000.0	6666	1000000	4356534229021914824	c1fb4bd909	4	0.09	2657916.1
1	0	0.0	100000.0	6666	10000000	6315500809367382057	c1fb4bd909	0	0.96	264416.4
1	0	0.0	100000.0	6666	10000000	6315500809367382057	c1fb4bd909	1	0.94	264416.4
1	0	0.0	100000.0	6666	10000000	6315500809367382057	c1fb4bd909	2	0.94	264416.4
1	0	0.0	100000.0	6666	10000000	6315500809367382057	c1fb4bd909	3	0.94	264416.4
1	0	0.0	100000.0	6666	10000000	6315500809367382057	c1fb4bd909	4	0.93	264416.4
1	0	0.0	100000.0	8000	400000	755316621960084639	c1fb4bd909	0	0.04	9467825.9
1	0	0.0	100000.0	8000	400000	755316621960084639	c1fb4bd909	1	0.04	9467825.9
1	0	0.0	100000.0	8000	400000	755316621960084639	c1fb4bd909	2	0.04	9467825.9
1	0	0.0	100000.0	8000	400000	755316621960084639	c1fb4bd909	3	0.04	9467825.9
1	0	0.0	100000.0	8000	400000	755316621960084639	c1fb4bd909	4	0.04	9467825.9
1	0	0.0	100000.0	10000	500000	18339689232274065664	c1fb4bd909	0	0.04	11908635.0
1	0	0.0	100000.0	10000	500000	18339689232274065664	c1fb4bd909	1	0.04	11908635.0
1	0	0.0	100000.0	10000	500000	18339689232274065664	c1fb4bd909	2	0.04	11908635.0
1	0	0.0	100000.0	10000	500000	18339689232274065664	c1fb4bd909	3	0.04	11908635.0
1	0	0.0	100000.0	10000	500000	18339689232274065664	c1fb4bd909	4	0.04	11908635.0
1	0	0.0	100000.0	12000	600000	5262836347240896551	c1fb4bd909	0	0.06	14490384.5
1	0	0.0	100000.0	12000	600000	5262836347240896551	c1fb4bd909	1	0.06	14490384.5
1	0	0.0	100000.0	12000	600000	5262836347240896551	c1fb4bd909	2	0.06	14490384.5
1	0	0.0	100000.0	12000	600000	5262836347240896551	c1fb4bd909	3	0.07	14490384.5
1	0	0.0	100000.0	12000	600000	5262836347240896551	c1fb4bd909	4	0.06	14490384.5
1	0	0.0	100000.0	13333	2000000	891847535882743730	c1fb4bd909	0	0.20	5325862.5
1	0	0.0	100000.0	13333	2000000	891847535882743730	c1fb4bd909	1	0.19	5325862.5
1	0	0.0	100000.0	13333	2000000	891847535882743730	c1fb4bd909	2	0.19	5325862.5
1	0	0.0	100000.0	13333	2000000	891847535882743730	c1fb4bd909	3	0.20	5325862.5
1	0	0.0	100000.0	13333	2000000	891847535882743730	c1fb4bd909	4	0.20	5325862.5
1	0	0.0	100000.0	20000	100000	1533312627852890609	c1fb4bd909	0	0.02	241804475.2
1	0	0.0	100000.0	20000	100000	1533312627852890609	c1fb4bd909	1	0.02	241804475.2
1	0	0.0	100000.0	20000	100000	1533312627852890609	c1fb4bd909	2	0.02	241804475.2
1	0	0.0	100000.0	20000	100000	1533312627852890609	c1fb4bd909	3	0.02	241804475.2
1	0	0.0	100000.0	20000	100000	1533312627852890609	c1fb4bd909	4	0.02	241804475.2
1	0	0.0	100000.0	20000	1000000	13069913579053031500	c1fb4bd909	0	0.12	24054678.9
1	0	0.0	100000.0	20000	1000000	13069913579053031500	c1fb4bd909	1	0.12	24054678.9
1	0	0.0	100000.0	20000	1000000	13069913579053031500	c1fb4bd909	2	0.12	24054678.9
1	0	0.0	100000.0	20000	1000000	13069913579053031500	c1fb4bd909	3	0.12	24054678.9
1	0	0.0	100000.0	20000	1000000	13069913579053031500	c1fb4bd909	4	0.12	24054678.9
1	0	0.0	100000.0	20000	3000000	12312139290892677403	c1fb4bd909	0	0.30	7929931.6
1	0	0.0	100000.0	20000	3000000	12312139290892677403	c1fb4bd909	1	0.30	7929931.6
1	0	0.0	100000.0	20000	3000000	12312139290892677403	c1fb4bd909	2	0.31	7929931.6
1	0	0.0	100000.0	20000	3000000	12312139290892677403	c1fb4bd909	3	0.30	7929931.6
1	0	0.0	100000.0	20000	3000000	12312139290892677403	c1fb4bd909	4	0.32	7929931.6
1	0	0.0	100000.0	26666	4000000	13571200969606074972	c1fb4bd909	0	0.42	10776385.2
1	0	0.0	100000.0	26666	4000000	13571200969606074972	c1fb4bd909	1	0.42	10776385.2
1	0	0.0	100000.0	26666	4000000	13571200969606074972	c1fb4bd909	2	0.41	10776385.2
1	0	0.0	100000.0	26666	4000000	13571200969606074972	c1fb4bd909	3	0.42	10776385.2
1	0	0.0	100000.0	26666	4000000	13571200969606074972	c1fb4bd909	4	0.42	10776385.2
1	0	0.0	100000.0	33333	5000000	13603740195421004674	c1fb4bd909	0	0.52	13298075.3
1	0	0.0	100000.0	33333	5000000	13603740195421004674	c1fb4bd909	1	0.54	13298075.3
1	0	0.0	100000.0	33333	5000000	13603740195421004674	c1fb4bd909	2	0.53	13298075.3
1	0	0.0	100000.0	33333	5000000	13603740195421004674	c1fb4bd909	3	0.53	13298075.3
1	0	0.0	100000.0	33333	5000000	13603740195421004674	c1fb4bd909	4	0.53	13298075.3
1	0	0.0	100000.0	40000	200000	7135658933360500284	c1fb4bd909	0	0.05	480065708.6
1	0	0.0	100000.0	40000	200000	7135658933360500284	c1fb4bd909	1	0.05	480065708.6
1	0	0.0	100000.0	40000	200000	7135658933360500284	c1fb4bd909	2	0.04	480065708.6
1	0	0.0	100000.0	40000	200000	7135658933360500284	c1fb4bd909	3	0.05	480065708.6
1	0	0.0	100000.0	40000	200000	7135658933360500284	c1fb4bd909	4	0.04	480065708.6
1	0	0.0	100000.0	40000	2000000	16096550590258229748	c1fb4bd909	0	0.24	48202327.5
1	0	0.0	100000.0	40000	2000000	16096550590258229748	c1fb4bd909	1	0.24	48202327.5
1	0	0.0	100000.0	40000	2000000	16096550590258229748	c1fb4bd909	2	0.24	48202327.5
1	0	0.0	100000.0	40000	2000000	16096550590258229748	c1fb4bd909	3	0.25	48202327.5
1	0	0.0	100000.0	40000	2000000	16096550590258229748	c1fb4bd909	4	0.25	48202327.5
1	0	0.0	100000.0	40000	6000000	12397582381595870715	c1fb4bd909	0	0.68	15932163.9
1	0	0.0	100000.0	40000	6000000	12397582381595870715	c1fb4bd909	1	0.66	15932163.9
1	0	0.0	100000.0	40000	6000000	12397582381595870715	c1fb4bd909	2	0.64	15932163.9
1	0	0.0	100000.0	40000	6000000	12397582381595870715	c1fb4bd909	3	0.65	15932163.9
1	0	0.0	100000.0	40000	6000000	12397582381595870715	c1fb4bd909	4	0.64	15932163.9
1	0	0.0	100000.0	46666	7000000	11012926844825873752	c1fb4bd909	0	0.72	18586101.5
1	0	0.0	100000.0	46666	7000000	11012926844825873752	c1fb4bd909	1	0.71	18586101.5
1	0	0.0	100000.0	46666	7000000	11012926844825873752	c1fb4bd909	2	0.72	18586101.5
1	0	0.0	100000.0	46666	7000000	11012926844825873752	c1fb4bd909	3	0.72	18586101.5
1	0	0.0	100000.0	46666	7000000	11012926844825873752	c1fb4bd909	4	0.72	18586101.5
1	0	0.0	100000.0	53333	8000000	4467822668748737158	c1fb4bd909	0	0.82	21259332.0
1	0	0.0	100000.0	53333	8000000	4467822668748737158	c1fb4bd909	1	0.81	21259332.0
1	0	0.0	100000.0	53333	8000000	4467822668748737158	c1fb4bd909	2	0.83	21259332.0
1	0	0.0	100000.0	53333	8000000	4467822668748737158	c1fb4bd909	3	0.82	21259332.0
1	0	0.0	100000.0	53333	8000000	4467822668748737158	c1fb4bd909	4	0.82	21259332.0
1	0	0.0	100000.0	60000	300000	17103183771580681963	c1fb4bd909	0	0.07	722147579.2
1	0	0.0	100000.0	60000	300000	17103183771580681963	c1fb4bd909	1	0.08	722147579.2
1	0	0.0	100000.0	60000	300000	17103183771580681963	c1fb4bd909	2	0.06	722147579.2
1	0	0.0	100000.0	60000	300000	17103183771580681963	c1fb4bd909	3	0.07	722147579.2
1	0	0.0	100000.0	60000	300000	17103183771580681963	c1fb4bd909	4	0.07	722147579.2
1	0	0.0	100000.0	60000	3000000	9240680691044973071	c1fb4bd909	0	0.30	71913605.4
1	0	0.0	100000.0	60000	3000000	9240680691044973071	c1fb4bd909	1	0.30	71913605.4
1	0	0.0	100000.0	60000	3000000	9240680691044973071	c1fb4bd909	2	0.30	71913605.4
1	0	0.0	100000.0	60000	3000000	9240680691044973071	c1fb4bd909	3	0.31	71913605.4
1	0	0.0	100000.0	60000	3000000	9240680691044973071	c1fb4bd909	4	0.28	71913605.4
1	0	0.0	100000.0	60000	9000000	18185036823968426880	c1fb4bd909	0	0.92	24225019.6
1	0	0.0	100000.0	60000	9000000	18185036823968426880	c1fb4bd909	1	0.93	24225019.6
1	0	0.0	100000.0	60000	9000000	18185036823968426880	c1fb4bd909	2	0.93	24225019.6
1	0	0.0	100000.0	60000	9000000	18185036823968426880	c1fb4bd909	3	0.97	24225019.6
1	0	0.0	100000.0	60000	9000000	18185036823968426880	c1fb4bd909	4	0.97	24225019.6
1	0	0.0	100000.0	66666	10000000	914553163144329140	c1fb4bd909	0	1.02	26685093.7
1	0	0.0	100000.0	66666	10000000	914553163144329140	c1fb4bd909	1	1.01	26685093.7
1	0	0.0	100000.0	66666	10000000	914553163144329140	c1fb4bd909	2	1.00	26685093.7
1	0	0.0	100000.0	66666	10000000	914553163144329140	c1fb4bd909	3	1.00	26685093.7
1	0	0.0	100000.0	66666	10000000	914553163144329140	c1fb4bd909	4	1.02	26685093.7
1	0	0.0	100000.0	80000	400000	6561446827289393555	c1fb4bd909	0	0.10	960573906.4
1	0	0.0	100000.0	80000	400000	6561446827289393555	c1fb4bd909	1	0.10	960573906.4
1	0	0.0	100000.0	80000	400000	6561446827289393555	c1fb4bd909	2	0.09	960573906.4
1	0	0.0	100000.0	80000	400000	6561446827289393555	c1fb4bd909	3	0.10	960573906.4
1	0	0.0	100000.0	80000	400000	6561446827289393555	c1fb4bd909	4	0.10	960573906.4
1	0	0.0	100000.0	80000	4000000	15937747594750973039	c1fb4bd909	0	0.48	95912225.0
1	0	0.0	100000.0	80000	4000000	15937747594750973039	c1fb4bd909	1	0.47	95912225.0
1	0	0.0	100000.0	80000	4000000	15937747594750973039	c1fb4bd909	2	0.49	95912225.0
1	0	0.0	100000.0	80000	4000000	15937747594750973039	c1fb4bd909	3	0.47	95912225.0
1	0	0.0	100000.0	80000	4000000	15937747594750973039	c1fb4bd909	4	0.48	95912225.0
1	0	0.0	100000.0	100000	500000	16414008610982271796	c1fb4bd909	0	0.13	1201548518.4
1	0	0.0	100000.0	100000	500000	16414008610982271796	c1fb4bd909	1	0.13	1201548518.4
1	0	0.0	100000.0	100000	500000	16414008610982271796	c1fb4bd909	2	0.13	1201548518.4
1	0	0.0	100000.0	100000	500000	16414008610982271796	c1fb4bd909	3	0.12	1201548518.4
1	0	0.0	100000.0	100000	500000	16414008610982271796	c1fb4bd909	4	0.12	1201548518.4
1	0	0.0	100000.0	100000	5000000	11121577870134521948	c1fb4bd909	0	0.62	121004471.2
1	0	0.0	100000.0	100000	5000000	11121577870134521948	c1fb4bd909	1	0.59	121004471.2
1	0	0.0	100000.0	100000	5000000	11121577870134521948	c1fb4bd909	2	0.61	121004471.2
1	0	0.0	100000.0	100000	5000000	11121577870134521948	c1fb4bd909	3	0.61	121004471.2
1	0	0.0	100000.0	100000	5000000	11121577870134521948	c1fb4bd909	4	0.61	121004471.2
1	0	0.0	100000.0	120000	600000	17351615455983141417	c1fb4bd909	0	0.16	1438768954.8
1	0	0.0	100000.0	120000	600000	17351615455983141417	c1fb4bd909	1	0.16	1438768954.8
1	0	0.0	100000.0	120000	600000	17351615455983141417	c1fb4bd909	2	0.17	1438768954.8
1	0	0.0	100000.0	120000	600000	17351615455983141417	c1fb4bd909	3	0.16	1438768954.8
1	0	0.0	100000.0	120000	600000	17351615455983141417	c1fb4bd909	4	0.16	1438768954.8
1	0	0.0	100000.0	120000	6000000	13773857825730700846	c1fb4bd909	0	0.77	144154637.5
1	0	0.0	100000.0	120000	6000000	13773857825730700846	c1fb4bd909	1	0.75	144154637.5
1	0	0.0	100000.0	120000	6000000	13773857825730700846	c1fb4bd909	2	0.77	144154637.5
1	0	0.0	100000.0	120000	6000000	13773857825730700846	c1fb4bd909	3	0.76	144154637.5
1	0	0.0	100000.0	120000	6000000	13773857825730700846	c1fb4bd909	4	0.78	144154637.5
1	0	0.0	100000.0	140000	7000000	3486878521225703964	c1fb4bd909	0	0.95	168587054.6
1	0	0.0	100000.0	140000	7000000	3486878521225703964	c1fb4bd909	1	0.94	168587054.6
1	0	0.0	100000.0	140000	7000000	3486878521225703964	c1fb4bd909	2	0.95	168587054.6
1	0	0.0	100000.0	140000	7000000	3486878521225703964	c1fb4bd909	3	0.96	168587054.6
1	0	0.0	100000.0	140000	7000000	3486878521225703964	c1fb4bd909	4	0.97	168587054.6
1	0	0.0	100000.0	160000	8000000	1999333325894724774	c1fb4bd909	0	1.07	192647383.6
1	0	0.0	100000.0	160000	8000000	1999333325894724774	c1fb4bd909	1	1.06	192647383.6
1	0	0.0	100000.0	160000	8000000	1999333325894724774	c1fb4bd909	2	1.04	192647383.6
1	0	0.0	100000.0	160000	8000000	1999333325894724774	c1fb4bd909	3	1.05	192647383.6
1	0	0.0	100000.0	160000	8000000	1999333325894724774	c1fb4bd909	4	1.06	192647383.6
1	0	0.0	100000.0	180000	9000000	17545454005027890892	c1fb4bd909	0	1.26	215567078.3
1	0	0.0	100000.0	180000	9000000	17545454005027890892	c1fb4bd909	1	1.21	215567078.3
1	0	0.0	100000.0	180000	9000000	17545454005027890892	c1fb4bd909	2	1.24	215567078.3
1	0	0.0	100000.0	180000	9000000	17545454005027890892	c1fb4bd909	3	1.27	215567078.3
1	0	0.0	100000.0	180000	9000000	17545454005027890892	c1fb4bd909	4	1.24	215567078.3
1	0	0.0	100000.0	200000	1000000	1398460219366519399	c1fb4bd909	0	0.31	2392384016.9
1	0	0.0	100000.0	200000	1000000	1398460219366519399	c1fb4bd909	1	0.31	2392384016.9
1	0	0.0	100000.0	200000	1000000	1398460219366519399	c1fb4bd909	2	0.31	2392384016.9
1	0	0.0	100000.0	200000	1000000	1398460219366519399	c1fb4bd909	3	0.31	2392384016.9
1	0	0.0	100000.0	200000	1000000	1398460219366519399	c1fb4bd909	4	0.31	2392384016.9
1	0	0.0	100000.0	200000	10000000	3947702096084614523	c1fb4bd909	0	1.41	240760496.3
1	0	0.0	100000.0	200000	10000000	3947702096084614523	c1fb4bd909	1	1.36	240760496.3
1	0	0.0	100000.0	200000	10000000	3947702096084614523	c1fb4bd909	2	1.37	240760496.3
1	0	0.0	100000.0	200000	10000000	3947702096084614523	c1fb4bd909	3	1.36	240760496.3
1	0	0.0	100000.0	200000	10000000	3947702096084614523	c1fb4bd909	4	1.39	240760496.3
1	0	0.0	100000.0	400000	2000000	17944962480405299705	c1fb4bd909	0	0.71	4793932680.1
1	0	0.0	100000.0	400000	2000000	17944962480405299705	c1fb4bd909	1	0.70	4793932680.1
1	0	0.0	100000.0	400000	2000000	17944962480405299705	c1fb4bd909	2	0.69	4793932680.1
1	0	0.0	100000.0	400000	2000000	17944962480405299705	c1fb4bd909	3	0.70	4793932680.1
1	0	0.0	100000.0	400000	2000000	17944962480405299705	c1fb4bd909	4	0.71	4793932680.1
1	0	0.0	100000.0	600000	3000000	11754708842616013271	c1fb4bd909	0	1.13	7183651808.5
1	0	0.0	100000.0	600000	3000000	11754708842616013271	c1fb4bd909	1	1.11	7183651808.5
1	0	0.0	100000.0	600000	3000000	11754708842616013271	c1fb4bd909	2	1.10	7183651808.5
1	0	0.0	100000.0	600000	3000000	11754708842616013271	c1fb4bd909	3	1.10	7183651808.5
1	0	0.0	100000.0	600000	3000000	11754708842616013271	c1fb4bd909	4	1.13	7183651808.5
1	0	0.0	100000.0	800000	4000000	9621688644973394529	c1fb4bd909	0	1.53	9580647317.4
1	0	0.0	100000.0	800000	4000000	9621688644973394529	c1fb4bd909	1	1.51	9580647317.4
1	0	0.0	100000.0	800000	4000000	9621688644973394529	c1fb4bd909	2	1.52	9580647317.4
1	0	0.0	100000.0	800000	4000000	9621688644973394529	c1fb4bd909	3	1.47	9580647317.4
1	0	0.0	100000.0	800000	4000000	9621688644973394529	c1fb4bd909	4	1.48	9580647317.4
1	0	0.0	100000.0	1000000	5000000	9521775730815841502	c1fb4bd909	0	1.93	11992194751.4
1	0	0.0	100000.0	1000000	5000000	9521775730815841502	c1fb4bd909	1	1.91	11992194751.4
1	0	0.0	100000.0	1000000	5000000	9521775730815841502	c1fb4bd909	2	1.94	11992194751.4
1	0	0.0	100000.0	1000000	5000000	9521775730815841502	c1fb4bd909	3	1.92	11992194751.4
1	0	0.0	100000.0	1000000	5000000	9521775730815841502	c1fb4bd909	4	1.90	11992194751.4
1	0	0.0	100000.0	1200000	6000000	6424778847925609013	c1fb4bd909	0	2.44	14380936386.8
1	0	0.0	100000.0	1200000	6000000	6424778847925609013	c1fb4bd909	1	2.44	14380936386.8
1	0	0.0	100000.0	1200000	6000000	6424778847925609013	c1fb4bd909	2	2.43	14380936386.8
1	0	0.0	100000.0	1200000	6000000	6424778847925609013	c1fb4bd909	3	2.39	14380936386.8
1	0	0.0	100000.0	1200000	6000000	6424778847925609013	c1fb4bd909	4	2.42	14380936386.8
1	0	0.0	100000.0	1400000	7000000	6041118559500250816	c1fb4bd909	0	2.84	16749525538.3
1	0	0.0	100000.0	1400000	7000000	6041118559500250816	c1fb4bd909	1	2.83	16749525538.3
1	0	0.0	100000.0	1400000	7000000	6041118559500250816	c1fb4bd909	2	2.83	16749525538.3
1	0	0.0	100000.0	1400000	7000000	6041118559500250816	c1fb4bd909	3	2.90	16749525538.3
1	0	0.0	100000.0	1400000	7000000	6041118559500250816	c1fb4bd909	4	2.90	16749525538.3
1	0	0.0	100000.0	1600000	8000000	8363190133744155839	c1fb4bd909	0	3.30	19168583067.1
1	0	0.0	100000.0	1600000	8000000	8363190133744155839	c1fb4bd909	1	3.30	19168583067.1
1	0	0.0	100000.0	1600000	8000000	8363190133744155839	c1fb4bd909	2	3.30	19168583067.1
1	0	0.0	100000.0	1600000	8000000	8363190133744155839	c1fb4bd909	3	3.29	19168583067.1
1	0	0.0	100000.0	1600000	8000000	8363190133744155839	c1fb4bd909	4	3.32	19168583067.1
1	0	0.0	100000.0	1800000	9000000	2254863412304222447	c1fb4bd909	0	3.70	21578716128.9
1	0	0.0	100000.0	1800000	9000000	2254863412304222447	c1fb4bd909	1	3.76	21578716128.9
1	0	0.0	100000.0	1800000	9000000	2254863412304222447	c1fb4bd909	2	3.76	21578716128.9
1	0	0.0	100000.0	1800000	9000000	2254863412304222447	c1fb4bd909	3	3.75	21578716128.9
1	0	0.0	100000.0	1800000	9000000	2254863412304222447	c1fb4bd909	4	3.74	21578716128.9
1	0	0.0	100000.0	2000000	10000000	5518174614706333470	c1fb4bd909	0	4.18	23956399182.7
1	0	0.0	100000.0	2000000	10000000	5518174614706333470	c1fb4bd909	1	4.14	23956399182.7
1	0	0.0	100000.0	2000000	10000000	5518174614706333470	c1fb4bd909	2	4.16	23956399182.7
1	0	0.0	100000.0	2000000	10000000	5518174614706333470	c1fb4bd909	3	4.14	23956399182.7
1	0	0.0	100000.0	2000000	10000000	5518174614706333470	c1fb4bd909	4	4.15	23956399182.7
