#Prec	Dim	Min	Max     	|V|	|E|	Seed               	Rev       	Run#	Time(sec)	MSTWeight
1	0	0.0	100000.0	895	400065	8925460305226569032	da9b46bdc0	4	0.02	126312.5
1	0	0.0	100000.0	895	400065	8925460305226569032	da9b46bdc0	3	0.02	126312.5
1	0	0.0	100000.0	895	400065	8925460305226569032	da9b46bdc0	2	0.02	126312.5
1	0	0.0	100000.0	895	400065	8925460305226569032	da9b46bdc0	1	0.02	126312.5
1	0	0.0	100000.0	895	400065	8925460305226569032	da9b46bdc0	0	0.02	126312.5
1	0	0.0	100000.0	895	400065	4803789279348672769	da9b46bdc0	4	0.02	124436.9
1	0	0.0	100000.0	895	400065	4803789279348672769	da9b46bdc0	3	0.02	124436.9
1	0	0.0	100000.0	895	400065	4803789279348672769	da9b46bdc0	2	0.02	124436.9
1	0	0.0	100000.0	895	400065	4803789279348672769	da9b46bdc0	1	0.02	124436.9
1	0	0.0	100000.0	895	400065	4803789279348672769	da9b46bdc0	0	0.02	124436.9
1	0	0.0	100000.0	895	400065	16011167804034869646	da9b46bdc0	4	0.02	114317.8
1	0	0.0	100000.0	895	400065	16011167804034869646	da9b46bdc0	3	0.02	114317.8
1	0	0.0	100000.0	895	400065	16011167804034869646	da9b46bdc0	2	0.02	114317.8
1	0	0.0	100000.0	895	400065	16011167804034869646	da9b46bdc0	1	0.02	114317.8
1	0	0.0	100000.0	895	400065	16011167804034869646	da9b46bdc0	0	0.02	114317.8
1	0	0.0	100000.0	895	400065	1536268372202364653	da9b46bdc0	4	0.02	121034.8
1	0	0.0	100000.0	895	400065	1536268372202364653	da9b46bdc0	3	0.02	121034.8
1	0	0.0	100000.0	895	400065	1536268372202364653	da9b46bdc0	2	0.02	121034.8
1	0	0.0	100000.0	895	400065	1536268372202364653	da9b46bdc0	1	0.02	121034.8
1	0	0.0	100000.0	895	400065	1536268372202364653	da9b46bdc0	0	0.02	121034.8
1	0	0.0	100000.0	895	400065	14608283289940781134	da9b46bdc0	4	0.02	118034.1
1	0	0.0	100000.0	895	400065	14608283289940781134	da9b46bdc0	3	0.02	118034.1
1	0	0.0	100000.0	895	400065	14608283289940781134	da9b46bdc0	2	0.02	118034.1
1	0	0.0	100000.0	895	400065	14608283289940781134	da9b46bdc0	1	0.02	118034.1
1	0	0.0	100000.0	895	400065	14608283289940781134	da9b46bdc0	0	0.02	118034.1
1	0	0.0	100000.0	8000	400000	8178370055831314543	da9b46bdc0	4	1.20	9510577.4
1	0	0.0	100000.0	8000	400000	8178370055831314543	da9b46bdc0	3	1.21	9510577.4
1	0	0.0	100000.0	8000	400000	8178370055831314543	da9b46bdc0	2	1.21	9510577.4
1	0	0.0	100000.0	8000	400000	8178370055831314543	da9b46bdc0	1	1.20	9510577.4
1	0	0.0	100000.0	8000	400000	8178370055831314543	da9b46bdc0	0	1.19	9510577.4
1	0	0.0	100000.0	8000	400000	755316621960084639	da9b46bdc0	4	1.25	9467825.9
1	0	0.0	100000.0	8000	400000	755316621960084639	da9b46bdc0	3	1.26	9467825.9
1	0	0.0	100000.0	8000	400000	755316621960084639	da9b46bdc0	2	1.20	9467825.9
1	0	0.0	100000.0	8000	400000	755316621960084639	da9b46bdc0	1	1.21	9467825.9
1	0	0.0	100000.0	8000	400000	755316621960084639	da9b46bdc0	0	1.21	9467825.9
1	0	0.0	100000.0	8000	400000	7109435998744908963	da9b46bdc0	4	1.22	9764166.9
1	0	0.0	100000.0	8000	400000	7109435998744908963	da9b46bdc0	3	1.22	9764166.9
1	0	0.0	100000.0	8000	400000	7109435998744908963	da9b46bdc0	2	1.19	9764166.9
1	0	0.0	100000.0	8000	400000	7109435998744908963	da9b46bdc0	1	1.20	9764166.9
1	0	0.0	100000.0	8000	400000	7109435998744908963	da9b46bdc0	0	1.21	9764166.9
1	0	0.0	100000.0	8000	400000	5634599153838738692	da9b46bdc0	4	1.20	9535429.4
1	0	0.0	100000.0	8000	400000	5634599153838738692	da9b46bdc0	3	1.22	9535429.4
1	0	0.0	100000.0	8000	400000	5634599153838738692	da9b46bdc0	2	1.19	9535429.4
1	0	0.0	100000.0	8000	400000	5634599153838738692	da9b46bdc0	1	1.21	9535429.4
1	0	0.0	100000.0	8000	400000	5634599153838738692	da9b46bdc0	0	1.18	9535429.4
1	0	0.0	100000.0	8000	400000	16278830066662925580	da9b46bdc0	4	1.20	9557252.2
1	0	0.0	100000.0	8000	400000	16278830066662925580	da9b46bdc0	3	1.22	9557252.2
1	0	0.0	100000.0	8000	400000	16278830066662925580	da9b46bdc0	2	1.19	9557252.2
1	0	0.0	100000.0	8000	400000	16278830066662925580	da9b46bdc0	1	1.19	9557252.2
1	0	0.0	100000.0	8000	400000	16278830066662925580	da9b46bdc0	0	1.20	9557252.2
1	0	0.0	100000.0	776	300700	7062495216961211968	da9b46bdc0	4	0.02	112623.7
1	0	0.0	100000.0	776	300700	7062495216961211968	da9b46bdc0	3	0.02	112623.7
1	0	0.0	100000.0	776	300700	7062495216961211968	da9b46bdc0	2	0.02	112623.7
1	0	0.0	100000.0	776	300700	7062495216961211968	da9b46bdc0	1	0.02	112623.7
1	0	0.0	100000.0	776	300700	7062495216961211968	da9b46bdc0	0	0.01	112623.7
1	0	0.0	100000.0	776	300700	6084104709231176045	da9b46bdc0	4	0.02	120547.8
1	0	0.0	100000.0	776	300700	6084104709231176045	da9b46bdc0	3	0.02	120547.8
1	0	0.0	100000.0	776	300700	6084104709231176045	da9b46bdc0	2	0.02	120547.8
1	0	0.0	100000.0	776	300700	6084104709231176045	da9b46bdc0	1	0.02	120547.8
1	0	0.0	100000.0	776	300700	6084104709231176045	da9b46bdc0	0	0.02	120547.8
1	0	0.0	100000.0	776	300700	5353785960934771661	da9b46bdc0	4	0.02	113742.9
1	0	0.0	100000.0	776	300700	5353785960934771661	da9b46bdc0	3	0.01	113742.9
1	0	0.0	100000.0	776	300700	5353785960934771661	da9b46bdc0	2	0.02	113742.9
1	0	0.0	100000.0	776	300700	5353785960934771661	da9b46bdc0	1	0.02	113742.9
1	0	0.0	100000.0	776	300700	5353785960934771661	da9b46bdc0	0	0.02	113742.9
1	0	0.0	100000.0	776	300700	15679862045385231065	da9b46bdc0	4	0.02	118059.3
1	0	0.0	100000.0	776	300700	15679862045385231065	da9b46bdc0	3	0.02	118059.3
1	0	0.0	100000.0	776	300700	15679862045385231065	da9b46bdc0	2	0.02	118059.3
1	0	0.0	100000.0	776	300700	15679862045385231065	da9b46bdc0	1	0.02	118059.3
1	0	0.0	100000.0	776	300700	15679862045385231065	da9b46bdc0	0	0.02	118059.3
1	0	0.0	100000.0	776	300700	1444808730792016342	da9b46bdc0	4	0.02	129762.4
1	0	0.0	100000.0	776	300700	1444808730792016342	da9b46bdc0	3	0.02	129762.4
1	0	0.0	100000.0	776	300700	1444808730792016342	da9b46bdc0	2	0.02	129762.4
1	0	0.0	100000.0	776	300700	1444808730792016342	da9b46bdc0	1	0.02	129762.4
1	0	0.0	100000.0	776	300700	1444808730792016342	da9b46bdc0	0	0.02	129762.4
1	0	0.0	100000.0	6666	1000000	9966520834141784236	da9b46bdc0	4	0.90	2695471.0
1	0	0.0	100000.0	6666	1000000	9966520834141784236	da9b46bdc0	3	0.88	2695471.0
1	0	0.0	100000.0	6666	1000000	9966520834141784236	da9b46bdc0	2	0.85	2695471.0
1	0	0.0	100000.0	6666	1000000	9966520834141784236	da9b46bdc0	1	0.87	2695471.0
1	0	0.0	100000.0	6666	1000000	9966520834141784236	da9b46bdc0	0	0.88	2695471.0
1	0	0.0	100000.0	6666	1000000	8293843303024253045	da9b46bdc0	4	0.86	2635680.2
1	0	0.0	100000.0	6666	1000000	8293843303024253045	da9b46bdc0	3	0.88	2635680.2
1	0	0.0	100000.0	6666	1000000	8293843303024253045	da9b46bdc0	2	0.87	2635680.2
1	0	0.0	100000.0	6666	1000000	8293843303024253045	da9b46bdc0	1	0.85	2635680.2
1	0	0.0	100000.0	6666	1000000	8293843303024253045	da9b46bdc0	0	0.86	2635680.2
1	0	0.0	100000.0	6666	1000000	4356534229021914824	da9b46bdc0	4	0.85	2657916.1
1	0	0.0	100000.0	6666	1000000	4356534229021914824	da9b46bdc0	3	0.87	2657916.1
1	0	0.0	100000.0	6666	1000000	4356534229021914824	da9b46bdc0	2	0.87	2657916.1
1	0	0.0	100000.0	6666	1000000	4356534229021914824	da9b46bdc0	1	0.87	2657916.1
1	0	0.0	100000.0	6666	1000000	4356534229021914824	da9b46bdc0	0	0.86	2657916.1
1	0	0.0	100000.0	6666	1000000	15027987145977349870	da9b46bdc0	4	0.85	2646799.3
1	0	0.0	100000.0	6666	1000000	15027987145977349870	da9b46bdc0	3	0.86	2646799.3
1	0	0.0	100000.0	6666	1000000	15027987145977349870	da9b46bdc0	2	0.89	2646799.3
1	0	0.0	100000.0	6666	1000000	15027987145977349870	da9b46bdc0	1	0.85	2646799.3
1	0	0.0	100000.0	6666	1000000	15027987145977349870	da9b46bdc0	0	0.86	2646799.3
1	0	0.0	100000.0	6666	1000000	13291031069107935518	da9b46bdc0	4	0.86	2719273.0
1	0	0.0	100000.0	6666	1000000	13291031069107935518	da9b46bdc0	3	0.89	2719273.0
1	0	0.0	100000.0	6666	1000000	13291031069107935518	da9b46bdc0	2	0.87	2719273.0
1	0	0.0	100000.0	6666	1000000	13291031069107935518	da9b46bdc0	1	0.89	2719273.0
1	0	0.0	100000.0	6666	1000000	13291031069107935518	da9b46bdc0	0	0.85	2719273.0
1	0	0.0	100000.0	6666	10000000	6334304201177435535	da9b46bdc0	4	1.49	263603.7
1	0	0.0	100000.0	6666	10000000	6334304201177435535	da9b46bdc0	3	1.47	263603.7
1	0	0.0	100000.0	6666	10000000	6334304201177435535	da9b46bdc0	2	1.46	263603.7
1	0	0.0	100000.0	6666	10000000	6334304201177435535	da9b46bdc0	1	1.49	263603.7
1	0	0.0	100000.0	6666	10000000	6334304201177435535	da9b46bdc0	0	1.51	263603.7
1	0	0.0	100000.0	6666	10000000	6315500809367382057	da9b46bdc0	4	1.51	264416.4
1	0	0.0	100000.0	6666	10000000	6315500809367382057	da9b46bdc0	3	1.46	264416.4
1	0	0.0	100000.0	6666	10000000	6315500809367382057	da9b46bdc0	2	1.46	264416.4
1	0	0.0	100000.0	6666	10000000	6315500809367382057	da9b46bdc0	1	1.48	264416.4
1	0	0.0	100000.0	6666	10000000	6315500809367382057	da9b46bdc0	0	1.48	264416.4
1	0	0.0	100000.0	6666	10000000	18101335945181033192	da9b46bdc0	4	1.47	270176.4
1	0	0.0	100000.0	6666	10000000	18101335945181033192	da9b46bdc0	3	1.48	270176.4
1	0	0.0	100000.0	6666	10000000	18101335945181033192	da9b46bdc0	2	1.48	270176.4
1	0	0.0	100000.0	6666	10000000	18101335945181033192	da9b46bdc0	1	1.46	270176.4
1	0	0.0	100000.0	6666	10000000	18101335945181033192	da9b46bdc0	0	1.43	270176.4
1	0	0.0	100000.0	6666	10000000	16097821271253099142	da9b46bdc0	4	1.48	270289.3
1	0	0.0	100000.0	6666	10000000	16097821271253099142	da9b46bdc0	3	1.45	270289.3
1	0	0.0	100000.0	6666	10000000	16097821271253099142	da9b46bdc0	2	1.46	270289.3
1	0	0.0	100000.0	6666	10000000	16097821271253099142	da9b46bdc0	1	1.48	270289.3
1	0	0.0	100000.0	6666	10000000	16097821271253099142	da9b46bdc0	0	1.48	270289.3
1	0	0.0	100000.0	6666	10000000	11814315463814603712	da9b46bdc0	4	1.48	263096.2
1	0	0.0	100000.0	6666	10000000	11814315463814603712	da9b46bdc0	3	1.50	263096.2
1	0	0.0	100000.0	6666	10000000	11814315463814603712	da9b46bdc0	2	1.54	263096.2
1	0	0.0	100000.0	6666	10000000	11814315463814603712	da9b46bdc0	1	1.50	263096.2
1	0	0.0	100000.0	6666	10000000	11814315463814603712	da9b46bdc0	0	1.49	263096.2
1	0	0.0	100000.0	666	100000	8211211464294972040	da9b46bdc0	4	0.00	241395.4
1	0	0.0	100000.0	666	100000	8211211464294972040	da9b46bdc0	3	0.00	241395.4
1	0	0.0	100000.0	666	100000	8211211464294972040	da9b46bdc0	2	0.01	241395.4
1	0	0.0	100000.0	666	100000	8211211464294972040	da9b46bdc0	1	0.00	241395.4
1	0	0.0	100000.0	666	100000	8211211464294972040	da9b46bdc0	0	0.00	241395.4
1	0	0.0	100000.0	666	100000	5880970769109285748	da9b46bdc0	4	0.00	252210.7
1	0	0.0	100000.0	666	100000	5880970769109285748	da9b46bdc0	3	0.00	252210.7
1	0	0.0	100000.0	666	100000	5880970769109285748	da9b46bdc0	2	0.01	252210.7
1	0	0.0	100000.0	666	100000	5880970769109285748	da9b46bdc0	1	0.01	252210.7
1	0	0.0	100000.0	666	100000	5880970769109285748	da9b46bdc0	0	0.01	252210.7
1	0	0.0	100000.0	666	100000	1760500639743977083	da9b46bdc0	4	0.00	263774.4
1	0	0.0	100000.0	666	100000	1760500639743977083	da9b46bdc0	3	0.00	263774.4
1	0	0.0	100000.0	666	100000	1760500639743977083	da9b46bdc0	2	0.01	263774.4
1	0	0.0	100000.0	666	100000	1760500639743977083	da9b46bdc0	1	0.01	263774.4
1	0	0.0	100000.0	666	100000	1760500639743977083	da9b46bdc0	0	0.00	263774.4
1	0	0.0	100000.0	666	100000	1448273828449851834	da9b46bdc0	4	0.00	273359.4
1	0	0.0	100000.0	666	100000	1448273828449851834	da9b46bdc0	3	0.01	273359.4
1	0	0.0	100000.0	666	100000	1448273828449851834	da9b46bdc0	2	0.01	273359.4
1	0	0.0	100000.0	666	100000	1448273828449851834	da9b46bdc0	1	0.00	273359.4
1	0	0.0	100000.0	666	100000	1448273828449851834	da9b46bdc0	0	0.00	273359.4
1	0	0.0	100000.0	666	100000	10370300683978787574	da9b46bdc0	4	0.00	288440.8
1	0	0.0	100000.0	666	100000	10370300683978787574	da9b46bdc0	3	0.00	288440.8
1	0	0.0	100000.0	666	100000	10370300683978787574	da9b46bdc0	2	0.00	288440.8
1	0	0.0	100000.0	666	100000	10370300683978787574	da9b46bdc0	1	0.01	288440.8
1	0	0.0	100000.0	666	100000	10370300683978787574	da9b46bdc0	0	0.01	288440.8
1	0	0.0	100000.0	633	200028	4062806755422012841	da9b46bdc0	4	0.01	125130.0
1	0	0.0	100000.0	633	200028	4062806755422012841	da9b46bdc0	3	0.01	125130.0
1	0	0.0	100000.0	633	200028	4062806755422012841	da9b46bdc0	2	0.01	125130.0
1	0	0.0	100000.0	633	200028	4062806755422012841	da9b46bdc0	1	0.01	125130.0
1	0	0.0	100000.0	633	200028	4062806755422012841	da9b46bdc0	0	0.01	125130.0
1	0	0.0	100000.0	633	200028	2143900377532590080	da9b46bdc0	4	0.01	116291.3
1	0	0.0	100000.0	633	200028	2143900377532590080	da9b46bdc0	3	0.00	116291.3
1	0	0.0	100000.0	633	200028	2143900377532590080	da9b46bdc0	2	0.01	116291.3
1	0	0.0	100000.0	633	200028	2143900377532590080	da9b46bdc0	1	0.00	116291.3
1	0	0.0	100000.0	633	200028	2143900377532590080	da9b46bdc0	0	0.01	116291.3
1	0	0.0	100000.0	633	200028	172317727265506857	da9b46bdc0	4	0.01	127054.8
1	0	0.0	100000.0	633	200028	172317727265506857	da9b46bdc0	3	0.01	127054.8
1	0	0.0	100000.0	633	200028	172317727265506857	da9b46bdc0	2	0.01	127054.8
1	0	0.0	100000.0	633	200028	172317727265506857	da9b46bdc0	1	0.01	127054.8
1	0	0.0	100000.0	633	200028	172317727265506857	da9b46bdc0	0	0.01	127054.8
1	0	0.0	100000.0	633	200028	12719845122852301949	da9b46bdc0	4	0.01	118793.0
1	0	0.0	100000.0	633	200028	12719845122852301949	da9b46bdc0	3	0.01	118793.0
1	0	0.0	100000.0	633	200028	12719845122852301949	da9b46bdc0	2	0.01	118793.0
1	0	0.0	100000.0	633	200028	12719845122852301949	da9b46bdc0	1	0.01	118793.0
1	0	0.0	100000.0	633	200028	12719845122852301949	da9b46bdc0	0	0.01	118793.0
1	0	0.0	100000.0	633	200028	10808559031493456036	da9b46bdc0	4	0.01	124428.4
1	0	0.0	100000.0	633	200028	10808559031493456036	da9b46bdc0	3	0.00	124428.4
1	0	0.0	100000.0	633	200028	10808559031493456036	da9b46bdc0	2	0.00	124428.4
1	0	0.0	100000.0	633	200028	10808559031493456036	da9b46bdc0	1	0.00	124428.4
1	0	0.0	100000.0	633	200028	10808559031493456036	da9b46bdc0	0	0.00	124428.4
1	0	0.0	100000.0	6000	9000000	6310172644662009711	da9b46bdc0	4	1.24	239266.3
1	0	0.0	100000.0	6000	9000000	6310172644662009711	da9b46bdc0	3	1.27	239266.3
1	0	0.0	100000.0	6000	9000000	6310172644662009711	da9b46bdc0	2	1.27	239266.3
1	0	0.0	100000.0	6000	9000000	6310172644662009711	da9b46bdc0	1	1.26	239266.3
1	0	0.0	100000.0	6000	9000000	6310172644662009711	da9b46bdc0	0	1.25	239266.3
1	0	0.0	100000.0	6000	9000000	5052341106461448491	da9b46bdc0	4	1.24	239921.2
1	0	0.0	100000.0	6000	9000000	5052341106461448491	da9b46bdc0	3	1.26	239921.2
1	0	0.0	100000.0	6000	9000000	5052341106461448491	da9b46bdc0	2	1.26	239921.2
1	0	0.0	100000.0	6000	9000000	5052341106461448491	da9b46bdc0	1	1.26	239921.2
1	0	0.0	100000.0	6000	9000000	5052341106461448491	da9b46bdc0	0	1.23	239921.2
1	0	0.0	100000.0	6000	9000000	3981615899677582944	da9b46bdc0	4	1.22	233627.3
1	0	0.0	100000.0	6000	9000000	3981615899677582944	da9b46bdc0	3	1.26	233627.3
1	0	0.0	100000.0	6000	9000000	3981615899677582944	da9b46bdc0	2	1.24	233627.3
1	0	0.0	100000.0	6000	9000000	3981615899677582944	da9b46bdc0	1	1.23	233627.3
1	0	0.0	100000.0	6000	9000000	3981615899677582944	da9b46bdc0	0	1.24	233627.3
1	0	0.0	100000.0	6000	9000000	13168880595183425512	da9b46bdc0	4	1.26	238066.2
1	0	0.0	100000.0	6000	9000000	13168880595183425512	da9b46bdc0	3	1.24	238066.2
1	0	0.0	100000.0	6000	9000000	13168880595183425512	da9b46bdc0	2	1.24	238066.2
1	0	0.0	100000.0	6000	9000000	13168880595183425512	da9b46bdc0	1	1.24	238066.2
1	0	0.0	100000.0	6000	9000000	13168880595183425512	da9b46bdc0	0	1.26	238066.2
1	0	0.0	100000.0	6000	9000000	12313859973247412685	da9b46bdc0	4	1.24	243544.4
1	0	0.0	100000.0	6000	9000000	12313859973247412685	da9b46bdc0	3	1.23	243544.4
1	0	0.0	100000.0	6000	9000000	12313859973247412685	da9b46bdc0	2	1.24	243544.4
1	0	0.0	100000.0	6000	9000000	12313859973247412685	da9b46bdc0	1	1.25	243544.4
1	0	0.0	100000.0	6000	9000000	12313859973247412685	da9b46bdc0	0	1.28	243544.4
1	0	0.0	100000.0	6000	300000	6217696594726391146	da9b46bdc0	4	0.65	7344451.0
1	0	0.0	100000.0	6000	300000	6217696594726391146	da9b46bdc0	3	0.64	7344451.0
1	0	0.0	100000.0	6000	300000	6217696594726391146	da9b46bdc0	2	0.65	7344451.0
1	0	0.0	100000.0	6000	300000	6217696594726391146	da9b46bdc0	1	0.66	7344451.0
1	0	0.0	100000.0	6000	300000	6217696594726391146	da9b46bdc0	0	0.64	7344451.0
1	0	0.0	100000.0	6000	300000	5317395321297748599	da9b46bdc0	4	0.67	7284813.1
1	0	0.0	100000.0	6000	300000	5317395321297748599	da9b46bdc0	3	0.66	7284813.1
1	0	0.0	100000.0	6000	300000	5317395321297748599	da9b46bdc0	2	0.64	7284813.1
1	0	0.0	100000.0	6000	300000	5317395321297748599	da9b46bdc0	1	0.67	7284813.1
1	0	0.0	100000.0	6000	300000	5317395321297748599	da9b46bdc0	0	0.67	7284813.1
1	0	0.0	100000.0	6000	300000	16876383314341572275	da9b46bdc0	4	0.67	7123243.9
1	0	0.0	100000.0	6000	300000	16876383314341572275	da9b46bdc0	3	0.68	7123243.9
1	0	0.0	100000.0	6000	300000	16876383314341572275	da9b46bdc0	2	0.67	7123243.9
1	0	0.0	100000.0	6000	300000	16876383314341572275	da9b46bdc0	1	0.67	7123243.9
1	0	0.0	100000.0	6000	300000	16876383314341572275	da9b46bdc0	0	0.66	7123243.9
1	0	0.0	100000.0	6000	300000	14845490920887700563	da9b46bdc0	4	0.68	7197953.7
1	0	0.0	100000.0	6000	300000	14845490920887700563	da9b46bdc0	3	0.68	7197953.7
1	0	0.0	100000.0	6000	300000	14845490920887700563	da9b46bdc0	2	0.66	7197953.7
1	0	0.0	100000.0	6000	300000	14845490920887700563	da9b46bdc0	1	0.68	7197953.7
1	0	0.0	100000.0	6000	300000	14845490920887700563	da9b46bdc0	0	0.72	7197953.7
1	0	0.0	100000.0	6000	300000	13519136763786287466	da9b46bdc0	4	0.66	7212158.6
1	0	0.0	100000.0	6000	300000	13519136763786287466	da9b46bdc0	3	0.66	7212158.6
1	0	0.0	100000.0	6000	300000	13519136763786287466	da9b46bdc0	2	0.68	7212158.6
1	0	0.0	100000.0	6000	300000	13519136763786287466	da9b46bdc0	1	0.66	7212158.6
1	0	0.0	100000.0	6000	300000	13519136763786287466	da9b46bdc0	0	0.67	7212158.6
1	0	0.0	100000.0	5333	8000000	8877577877613262218	da9b46bdc0	4	1.04	215187.9
1	0	0.0	100000.0	5333	8000000	8877577877613262218	da9b46bdc0	3	1.02	215187.9
1	0	0.0	100000.0	5333	8000000	8877577877613262218	da9b46bdc0	2	1.05	215187.9
1	0	0.0	100000.0	5333	8000000	8877577877613262218	da9b46bdc0	1	1.04	215187.9
1	0	0.0	100000.0	5333	8000000	8877577877613262218	da9b46bdc0	0	1.02	215187.9
1	0	0.0	100000.0	5333	8000000	3443513576556580598	da9b46bdc0	4	1.05	210104.0
1	0	0.0	100000.0	5333	8000000	3443513576556580598	da9b46bdc0	3	1.05	210104.0
1	0	0.0	100000.0	5333	8000000	3443513576556580598	da9b46bdc0	2	1.05	210104.0
1	0	0.0	100000.0	5333	8000000	3443513576556580598	da9b46bdc0	1	1.04	210104.0
1	0	0.0	100000.0	5333	8000000	3443513576556580598	da9b46bdc0	0	1.05	210104.0
1	0	0.0	100000.0	5333	8000000	3070436822323462774	da9b46bdc0	4	1.06	212277.5
1	0	0.0	100000.0	5333	8000000	3070436822323462774	da9b46bdc0	3	1.07	212277.5
1	0	0.0	100000.0	5333	8000000	3070436822323462774	da9b46bdc0	2	1.06	212277.5
1	0	0.0	100000.0	5333	8000000	3070436822323462774	da9b46bdc0	1	1.06	212277.5
1	0	0.0	100000.0	5333	8000000	3070436822323462774	da9b46bdc0	0	1.04	212277.5
1	0	0.0	100000.0	5333	8000000	1959801749523748169	da9b46bdc0	4	1.04	211447.5
1	0	0.0	100000.0	5333	8000000	1959801749523748169	da9b46bdc0	3	1.03	211447.5
1	0	0.0	100000.0	5333	8000000	1959801749523748169	da9b46bdc0	2	1.03	211447.5
1	0	0.0	100000.0	5333	8000000	1959801749523748169	da9b46bdc0	1	1.01	211447.5
1	0	0.0	100000.0	5333	8000000	1959801749523748169	da9b46bdc0	0	1.02	211447.5
1	0	0.0	100000.0	5333	8000000	16038720761884372260	da9b46bdc0	4	1.03	215445.8
1	0	0.0	100000.0	5333	8000000	16038720761884372260	da9b46bdc0	3	1.06	215445.8
1	0	0.0	100000.0	5333	8000000	16038720761884372260	da9b46bdc0	2	1.03	215445.8
1	0	0.0	100000.0	5333	8000000	16038720761884372260	da9b46bdc0	1	1.06	215445.8
1	0	0.0	100000.0	5333	8000000	16038720761884372260	da9b46bdc0	0	1.02	215445.8
1	0	0.0	100000.0	4666	7000000	828215655179792699	da9b46bdc0	4	0.84	183408.9
1	0	0.0	100000.0	4666	7000000	828215655179792699	da9b46bdc0	3	0.85	183408.9
1	0	0.0	100000.0	4666	7000000	828215655179792699	da9b46bdc0	2	0.83	183408.9
1	0	0.0	100000.0	4666	7000000	828215655179792699	da9b46bdc0	1	0.83	183408.9
1	0	0.0	100000.0	4666	7000000	828215655179792699	da9b46bdc0	0	0.85	183408.9
1	0	0.0	100000.0	4666	7000000	7178059685819518013	da9b46bdc0	4	0.85	184778.2
1	0	0.0	100000.0	4666	7000000	7178059685819518013	da9b46bdc0	3	0.81	184778.2
1	0	0.0	100000.0	4666	7000000	7178059685819518013	da9b46bdc0	2	0.84	184778.2
1	0	0.0	100000.0	4666	7000000	7178059685819518013	da9b46bdc0	1	0.84	184778.2
1	0	0.0	100000.0	4666	7000000	7178059685819518013	da9b46bdc0	0	0.85	184778.2
1	0	0.0	100000.0	4666	7000000	5513993795884221396	da9b46bdc0	4	0.85	187369.8
1	0	0.0	100000.0	4666	7000000	5513993795884221396	da9b46bdc0	3	0.84	187369.8
1	0	0.0	100000.0	4666	7000000	5513993795884221396	da9b46bdc0	2	0.86	187369.8
1	0	0.0	100000.0	4666	7000000	5513993795884221396	da9b46bdc0	1	0.82	187369.8
1	0	0.0	100000.0	4666	7000000	5513993795884221396	da9b46bdc0	0	0.84	187369.8
1	0	0.0	100000.0	4666	7000000	14507103634590178114	da9b46bdc0	4	0.86	196378.8
1	0	0.0	100000.0	4666	7000000	14507103634590178114	da9b46bdc0	3	0.85	196378.8
1	0	0.0	100000.0	4666	7000000	14507103634590178114	da9b46bdc0	2	0.86	196378.8
1	0	0.0	100000.0	4666	7000000	14507103634590178114	da9b46bdc0	1	0.84	196378.8
1	0	0.0	100000.0	4666	7000000	14507103634590178114	da9b46bdc0	0	0.90	196378.8
1	0	0.0	100000.0	4666	7000000	10623182125740832759	da9b46bdc0	4	0.85	186960.0
1	0	0.0	100000.0	4666	7000000	10623182125740832759	da9b46bdc0	3	0.83	186960.0
1	0	0.0	100000.0	4666	7000000	10623182125740832759	da9b46bdc0	2	0.84	186960.0
1	0	0.0	100000.0	4666	7000000	10623182125740832759	da9b46bdc0	1	0.86	186960.0
1	0	0.0	100000.0	4666	7000000	10623182125740832759	da9b46bdc0	0	0.83	186960.0
1	0	0.0	100000.0	448	100128	3641317849144040426	da9b46bdc0	4	0.00	122117.6
1	0	0.0	100000.0	448	100128	3641317849144040426	da9b46bdc0	3	0.00	122117.6
1	0	0.0	100000.0	448	100128	3641317849144040426	da9b46bdc0	2	0.00	122117.6
1	0	0.0	100000.0	448	100128	3641317849144040426	da9b46bdc0	1	0.00	122117.6
1	0	0.0	100000.0	448	100128	3641317849144040426	da9b46bdc0	0	0.00	122117.6
1	0	0.0	100000.0	448	100128	15745475670390588204	da9b46bdc0	4	0.00	119831.4
1	0	0.0	100000.0	448	100128	15745475670390588204	da9b46bdc0	3	0.00	119831.4
1	0	0.0	100000.0	448	100128	15745475670390588204	da9b46bdc0	2	0.00	119831.4
1	0	0.0	100000.0	448	100128	15745475670390588204	da9b46bdc0	1	0.00	119831.4
1	0	0.0	100000.0	448	100128	15745475670390588204	da9b46bdc0	0	0.00	119831.4
1	0	0.0	100000.0	448	100128	15535079078970426736	da9b46bdc0	4	0.00	115107.2
1	0	0.0	100000.0	448	100128	15535079078970426736	da9b46bdc0	3	0.00	115107.2
1	0	0.0	100000.0	448	100128	15535079078970426736	da9b46bdc0	2	0.00	115107.2
1	0	0.0	100000.0	448	100128	15535079078970426736	da9b46bdc0	1	0.00	115107.2
1	0	0.0	100000.0	448	100128	15535079078970426736	da9b46bdc0	0	0.00	115107.2
1	0	0.0	100000.0	448	100128	14383648850884890768	da9b46bdc0	4	0.00	110647.2
1	0	0.0	100000.0	448	100128	14383648850884890768	da9b46bdc0	3	0.00	110647.2
1	0	0.0	100000.0	448	100128	14383648850884890768	da9b46bdc0	2	0.00	110647.2
1	0	0.0	100000.0	448	100128	14383648850884890768	da9b46bdc0	1	0.00	110647.2
1	0	0.0	100000.0	448	100128	14383648850884890768	da9b46bdc0	0	0.00	110647.2
1	0	0.0	100000.0	448	100128	1144473762101761719	da9b46bdc0	4	0.00	117491.1
1	0	0.0	100000.0	448	100128	1144473762101761719	da9b46bdc0	3	0.00	117491.1
1	0	0.0	100000.0	448	100128	1144473762101761719	da9b46bdc0	2	0.00	117491.1
1	0	0.0	100000.0	448	100128	1144473762101761719	da9b46bdc0	1	0.00	117491.1
1	0	0.0	100000.0	448	100128	1144473762101761719	da9b46bdc0	0	0.00	117491.1
1	0	0.0	100000.0	4473	10001628	7379400662804615638	da9b46bdc0	4	0.92	120798.6
1	0	0.0	100000.0	4473	10001628	7379400662804615638	da9b46bdc0	3	0.91	120798.6
1	0	0.0	100000.0	4473	10001628	7379400662804615638	da9b46bdc0	2	0.92	120798.6
1	0	0.0	100000.0	4473	10001628	7379400662804615638	da9b46bdc0	1	0.91	120798.6
1	0	0.0	100000.0	4473	10001628	7379400662804615638	da9b46bdc0	0	0.92	120798.6
1	0	0.0	100000.0	4473	10001628	60442884859400797	da9b46bdc0	4	0.90	123166.1
1	0	0.0	100000.0	4473	10001628	60442884859400797	da9b46bdc0	3	0.90	123166.1
1	0	0.0	100000.0	4473	10001628	60442884859400797	da9b46bdc0	2	0.89	123166.1
1	0	0.0	100000.0	4473	10001628	60442884859400797	da9b46bdc0	1	0.90	123166.1
1	0	0.0	100000.0	4473	10001628	60442884859400797	da9b46bdc0	0	0.93	123166.1
1	0	0.0	100000.0	4473	10001628	17713476692273780954	da9b46bdc0	4	0.92	116482.1
1	0	0.0	100000.0	4473	10001628	17713476692273780954	da9b46bdc0	3	0.88	116482.1
1	0	0.0	100000.0	4473	10001628	17713476692273780954	da9b46bdc0	2	0.90	116482.1
1	0	0.0	100000.0	4473	10001628	17713476692273780954	da9b46bdc0	1	0.90	116482.1
1	0	0.0	100000.0	4473	10001628	17713476692273780954	da9b46bdc0	0	0.93	116482.1
1	0	0.0	100000.0	4473	10001628	1297378641850162346	da9b46bdc0	4	0.90	118899.6
1	0	0.0	100000.0	4473	10001628	1297378641850162346	da9b46bdc0	3	0.92	118899.6
1	0	0.0	100000.0	4473	10001628	1297378641850162346	da9b46bdc0	2	0.89	118899.6
1	0	0.0	100000.0	4473	10001628	1297378641850162346	da9b46bdc0	1	0.88	118899.6
1	0	0.0	100000.0	4473	10001628	1297378641850162346	da9b46bdc0	0	0.92	118899.6
1	0	0.0	100000.0	4473	10001628	10115597953345275263	da9b46bdc0	4	0.93	119089.2
1	0	0.0	100000.0	4473	10001628	10115597953345275263	da9b46bdc0	3	0.93	119089.2
1	0	0.0	100000.0	4473	10001628	10115597953345275263	da9b46bdc0	2	0.91	119089.2
1	0	0.0	100000.0	4473	10001628	10115597953345275263	da9b46bdc0	1	0.91	119089.2
1	0	0.0	100000.0	4473	10001628	10115597953345275263	da9b46bdc0	0	0.90	119089.2
1	0	0.0	100000.0	4244	9003646	9788850697165700306	da9b46bdc0	4	0.81	123792.9
1	0	0.0	100000.0	4244	9003646	9788850697165700306	da9b46bdc0	3	0.80	123792.9
1	0	0.0	100000.0	4244	9003646	9788850697165700306	da9b46bdc0	2	0.81	123792.9
1	0	0.0	100000.0	4244	9003646	9788850697165700306	da9b46bdc0	1	0.80	123792.9
1	0	0.0	100000.0	4244	9003646	9788850697165700306	da9b46bdc0	0	0.82	123792.9
1	0	0.0	100000.0	4244	9003646	16463650232931526353	da9b46bdc0	4	0.81	116514.4
1	0	0.0	100000.0	4244	9003646	16463650232931526353	da9b46bdc0	3	0.81	116514.4
1	0	0.0	100000.0	4244	9003646	16463650232931526353	da9b46bdc0	2	0.82	116514.4
1	0	0.0	100000.0	4244	9003646	16463650232931526353	da9b46bdc0	1	0.82	116514.4
1	0	0.0	100000.0	4244	9003646	16463650232931526353	da9b46bdc0	0	0.82	116514.4
1	0	0.0	100000.0	4244	9003646	15998940543895305699	da9b46bdc0	4	0.82	119772.5
1	0	0.0	100000.0	4244	9003646	15998940543895305699	da9b46bdc0	3	0.82	119772.5
1	0	0.0	100000.0	4244	9003646	15998940543895305699	da9b46bdc0	2	0.81	119772.5
1	0	0.0	100000.0	4244	9003646	15998940543895305699	da9b46bdc0	1	0.81	119772.5
1	0	0.0	100000.0	4244	9003646	15998940543895305699	da9b46bdc0	0	0.80	119772.5
1	0	0.0	100000.0	4244	9003646	13214286813614948699	da9b46bdc0	4	0.84	120529.7
1	0	0.0	100000.0	4244	9003646	13214286813614948699	da9b46bdc0	3	0.82	120529.7
1	0	0.0	100000.0	4244	9003646	13214286813614948699	da9b46bdc0	2	0.83	120529.7
1	0	0.0	100000.0	4244	9003646	13214286813614948699	da9b46bdc0	1	0.83	120529.7
1	0	0.0	100000.0	4244	9003646	13214286813614948699	da9b46bdc0	0	0.84	120529.7
1	0	0.0	100000.0	4244	9003646	12655678373223007416	da9b46bdc0	4	0.80	120806.2
1	0	0.0	100000.0	4244	9003646	12655678373223007416	da9b46bdc0	3	0.80	120806.2
1	0	0.0	100000.0	4244	9003646	12655678373223007416	da9b46bdc0	2	0.83	120806.2
1	0	0.0	100000.0	4244	9003646	12655678373223007416	da9b46bdc0	1	0.80	120806.2
1	0	0.0	100000.0	4244	9003646	12655678373223007416	da9b46bdc0	0	0.85	120806.2
1	0	0.0	100000.0	4001	8002000	3223645154651109485	da9b46bdc0	4	0.72	118118.9
1	0	0.0	100000.0	4001	8002000	3223645154651109485	da9b46bdc0	3	0.72	118118.9
1	0	0.0	100000.0	4001	8002000	3223645154651109485	da9b46bdc0	2	0.70	118118.9
1	0	0.0	100000.0	4001	8002000	3223645154651109485	da9b46bdc0	1	0.70	118118.9
1	0	0.0	100000.0	4001	8002000	3223645154651109485	da9b46bdc0	0	0.73	118118.9
1	0	0.0	100000.0	4001	8002000	2718701008229212526	da9b46bdc0	4	0.72	120718.4
1	0	0.0	100000.0	4001	8002000	2718701008229212526	da9b46bdc0	3	0.71	120718.4
1	0	0.0	100000.0	4001	8002000	2718701008229212526	da9b46bdc0	2	0.72	120718.4
1	0	0.0	100000.0	4001	8002000	2718701008229212526	da9b46bdc0	1	0.73	120718.4
1	0	0.0	100000.0	4001	8002000	2718701008229212526	da9b46bdc0	0	0.73	120718.4
1	0	0.0	100000.0	4001	8002000	1701795900310665835	da9b46bdc0	4	0.74	118781.6
1	0	0.0	100000.0	4001	8002000	1701795900310665835	da9b46bdc0	3	0.71	118781.6
1	0	0.0	100000.0	4001	8002000	1701795900310665835	da9b46bdc0	2	0.72	118781.6
1	0	0.0	100000.0	4001	8002000	1701795900310665835	da9b46bdc0	1	0.71	118781.6
1	0	0.0	100000.0	4001	8002000	1701795900310665835	da9b46bdc0	0	0.70	118781.6
1	0	0.0	100000.0	4001	8002000	11634228235516935949	da9b46bdc0	4	0.70	119667.0
1	0	0.0	100000.0	4001	8002000	11634228235516935949	da9b46bdc0	3	0.71	119667.0
1	0	0.0	100000.0	4001	8002000	11634228235516935949	da9b46bdc0	2	0.72	119667.0
1	0	0.0	100000.0	4001	8002000	11634228235516935949	da9b46bdc0	1	0.71	119667.0
1	0	0.0	100000.0	4001	8002000	11634228235516935949	da9b46bdc0	0	0.72	119667.0
1	0	0.0	100000.0	4001	8002000	11122792305679349330	da9b46bdc0	4	0.70	119767.3
1	0	0.0	100000.0	4001	8002000	11122792305679349330	da9b46bdc0	3	0.71	119767.3
1	0	0.0	100000.0	4001	8002000	11122792305679349330	da9b46bdc0	2	0.71	119767.3
1	0	0.0	100000.0	4001	8002000	11122792305679349330	da9b46bdc0	1	0.71	119767.3
1	0	0.0	100000.0	4001	8002000	11122792305679349330	da9b46bdc0	0	0.73	119767.3
1	0	0.0	100000.0	4000	600000	5375802438930777180	da9b46bdc0	4	0.28	1610872.0
1	0	0.0	100000.0	4000	600000	5375802438930777180	da9b46bdc0	3	0.29	1610872.0
1	0	0.0	100000.0	4000	600000	5375802438930777180	da9b46bdc0	2	0.30	1610872.0
1	0	0.0	100000.0	4000	600000	5375802438930777180	da9b46bdc0	1	0.30	1610872.0
1	0	0.0	100000.0	4000	600000	5375802438930777180	da9b46bdc0	0	0.31	1610872.0
1	0	0.0	100000.0	4000	600000	18282404505898927552	da9b46bdc0	4	0.30	1594139.3
1	0	0.0	100000.0	4000	600000	18282404505898927552	da9b46bdc0	3	0.30	1594139.3
1	0	0.0	100000.0	4000	600000	18282404505898927552	da9b46bdc0	2	0.29	1594139.3
1	0	0.0	100000.0	4000	600000	18282404505898927552	da9b46bdc0	1	0.29	1594139.3
1	0	0.0	100000.0	4000	600000	18282404505898927552	da9b46bdc0	0	0.30	1594139.3
1	0	0.0	100000.0	4000	600000	16320061937582831419	da9b46bdc0	4	0.29	1578894.8
1	0	0.0	100000.0	4000	600000	16320061937582831419	da9b46bdc0	3	0.30	1578894.8
1	0	0.0	100000.0	4000	600000	16320061937582831419	da9b46bdc0	2	0.30	1578894.8
1	0	0.0	100000.0	4000	600000	16320061937582831419	da9b46bdc0	1	0.30	1578894.8
1	0	0.0	100000.0	4000	600000	16320061937582831419	da9b46bdc0	0	0.31	1578894.8
1	0	0.0	100000.0	4000	600000	16147720538079542666	da9b46bdc0	4	0.29	1577981.2
1	0	0.0	100000.0	4000	600000	16147720538079542666	da9b46bdc0	3	0.28	1577981.2
1	0	0.0	100000.0	4000	600000	16147720538079542666	da9b46bdc0	2	0.29	1577981.2
1	0	0.0	100000.0	4000	600000	16147720538079542666	da9b46bdc0	1	0.29	1577981.2
1	0	0.0	100000.0	4000	600000	16147720538079542666	da9b46bdc0	0	0.29	1577981.2
1	0	0.0	100000.0	4000	600000	15268828896274428944	da9b46bdc0	4	0.31	1577269.9
1	0	0.0	100000.0	4000	600000	15268828896274428944	da9b46bdc0	3	0.28	1577269.9
1	0	0.0	100000.0	4000	600000	15268828896274428944	da9b46bdc0	2	0.28	1577269.9
1	0	0.0	100000.0	4000	600000	15268828896274428944	da9b46bdc0	1	0.29	1577269.9
1	0	0.0	100000.0	4000	600000	15268828896274428944	da9b46bdc0	0	0.29	1577269.9
1	0	0.0	100000.0	4000	6000000	7931701955387166256	da9b46bdc0	4	0.65	163635.0
1	0	0.0	100000.0	4000	6000000	7931701955387166256	da9b46bdc0	3	0.67	163635.0
1	0	0.0	100000.0	4000	6000000	7931701955387166256	da9b46bdc0	2	0.64	163635.0
1	0	0.0	100000.0	4000	6000000	7931701955387166256	da9b46bdc0	1	0.66	163635.0
1	0	0.0	100000.0	4000	6000000	7931701955387166256	da9b46bdc0	0	0.65	163635.0
1	0	0.0	100000.0	4000	6000000	5152350791129473283	da9b46bdc0	4	0.65	160587.4
1	0	0.0	100000.0	4000	6000000	5152350791129473283	da9b46bdc0	3	0.66	160587.4
1	0	0.0	100000.0	4000	6000000	5152350791129473283	da9b46bdc0	2	0.65	160587.4
1	0	0.0	100000.0	4000	6000000	5152350791129473283	da9b46bdc0	1	0.67	160587.4
1	0	0.0	100000.0	4000	6000000	5152350791129473283	da9b46bdc0	0	0.66	160587.4
1	0	0.0	100000.0	4000	6000000	4180534009300354281	da9b46bdc0	4	0.66	156477.1
1	0	0.0	100000.0	4000	6000000	4180534009300354281	da9b46bdc0	3	0.66	156477.1
1	0	0.0	100000.0	4000	6000000	4180534009300354281	da9b46bdc0	2	0.64	156477.1
1	0	0.0	100000.0	4000	6000000	4180534009300354281	da9b46bdc0	1	0.65	156477.1
1	0	0.0	100000.0	4000	6000000	4180534009300354281	da9b46bdc0	0	0.67	156477.1
1	0	0.0	100000.0	4000	6000000	2057363788665043824	da9b46bdc0	4	0.67	160524.6
1	0	0.0	100000.0	4000	6000000	2057363788665043824	da9b46bdc0	3	0.65	160524.6
1	0	0.0	100000.0	4000	6000000	2057363788665043824	da9b46bdc0	2	0.66	160524.6
1	0	0.0	100000.0	4000	6000000	2057363788665043824	da9b46bdc0	1	0.68	160524.6
1	0	0.0	100000.0	4000	6000000	2057363788665043824	da9b46bdc0	0	0.70	160524.6
1	0	0.0	100000.0	4000	6000000	15202720149499372925	da9b46bdc0	4	0.67	159407.4
1	0	0.0	100000.0	4000	6000000	15202720149499372925	da9b46bdc0	3	0.66	159407.4
1	0	0.0	100000.0	4000	6000000	15202720149499372925	da9b46bdc0	2	0.66	159407.4
1	0	0.0	100000.0	4000	6000000	15202720149499372925	da9b46bdc0	1	0.65	159407.4
1	0	0.0	100000.0	4000	6000000	15202720149499372925	da9b46bdc0	0	0.67	159407.4
1	0	0.0	100000.0	4000	200000	18106394839882759425	da9b46bdc0	4	0.27	4842387.9
1	0	0.0	100000.0	4000	200000	18106394839882759425	da9b46bdc0	3	0.26	4842387.9
1	0	0.0	100000.0	4000	200000	18106394839882759425	da9b46bdc0	2	0.27	4842387.9
1	0	0.0	100000.0	4000	200000	18106394839882759425	da9b46bdc0	1	0.28	4842387.9
1	0	0.0	100000.0	4000	200000	18106394839882759425	da9b46bdc0	0	0.26	4842387.9
1	0	0.0	100000.0	4000	200000	13540985252540778902	da9b46bdc0	4	0.26	4697766.2
1	0	0.0	100000.0	4000	200000	13540985252540778902	da9b46bdc0	3	0.26	4697766.2
1	0	0.0	100000.0	4000	200000	13540985252540778902	da9b46bdc0	2	0.26	4697766.2
1	0	0.0	100000.0	4000	200000	13540985252540778902	da9b46bdc0	1	0.27	4697766.2
1	0	0.0	100000.0	4000	200000	13540985252540778902	da9b46bdc0	0	0.27	4697766.2
1	0	0.0	100000.0	4000	200000	11991024900234488292	da9b46bdc0	4	0.26	4758265.6
1	0	0.0	100000.0	4000	200000	11991024900234488292	da9b46bdc0	3	0.26	4758265.6
1	0	0.0	100000.0	4000	200000	11991024900234488292	da9b46bdc0	2	0.27	4758265.6
1	0	0.0	100000.0	4000	200000	11991024900234488292	da9b46bdc0	1	0.26	4758265.6
1	0	0.0	100000.0	4000	200000	11991024900234488292	da9b46bdc0	0	0.26	4758265.6
1	0	0.0	100000.0	4000	200000	11077890036018704681	da9b46bdc0	4	0.27	4816433.3
1	0	0.0	100000.0	4000	200000	11077890036018704681	da9b46bdc0	3	0.27	4816433.3
1	0	0.0	100000.0	4000	200000	11077890036018704681	da9b46bdc0	2	0.27	4816433.3
1	0	0.0	100000.0	4000	200000	11077890036018704681	da9b46bdc0	1	0.26	4816433.3
1	0	0.0	100000.0	4000	200000	11077890036018704681	da9b46bdc0	0	0.27	4816433.3
1	0	0.0	100000.0	4000	200000	10869825307550600910	da9b46bdc0	4	0.26	4927352.8
1	0	0.0	100000.0	4000	200000	10869825307550600910	da9b46bdc0	3	0.26	4927352.8
1	0	0.0	100000.0	4000	200000	10869825307550600910	da9b46bdc0	2	0.26	4927352.8
1	0	0.0	100000.0	4000	200000	10869825307550600910	da9b46bdc0	1	0.26	4927352.8
1	0	0.0	100000.0	4000	200000	10869825307550600910	da9b46bdc0	0	0.26	4927352.8
1	0	0.0	100000.0	3743	7003153	9477885521745518800	da9b46bdc0	4	0.62	120473.5
1	0	0.0	100000.0	3743	7003153	9477885521745518800	da9b46bdc0	3	0.62	120473.5
1	0	0.0	100000.0	3743	7003153	9477885521745518800	da9b46bdc0	2	0.62	120473.5
1	0	0.0	100000.0	3743	7003153	9477885521745518800	da9b46bdc0	1	0.59	120473.5
1	0	0.0	100000.0	3743	7003153	9477885521745518800	da9b46bdc0	0	0.63	120473.5
1	0	0.0	100000.0	3743	7003153	7682333320494970019	da9b46bdc0	4	0.62	118026.1
1	0	0.0	100000.0	3743	7003153	7682333320494970019	da9b46bdc0	3	0.66	118026.1
1	0	0.0	100000.0	3743	7003153	7682333320494970019	da9b46bdc0	2	0.62	118026.1
1	0	0.0	100000.0	3743	7003153	7682333320494970019	da9b46bdc0	1	0.61	118026.1
1	0	0.0	100000.0	3743	7003153	7682333320494970019	da9b46bdc0	0	0.65	118026.1
1	0	0.0	100000.0	3743	7003153	4684472150068736461	da9b46bdc0	4	0.62	119643.2
1	0	0.0	100000.0	3743	7003153	4684472150068736461	da9b46bdc0	3	0.64	119643.2
1	0	0.0	100000.0	3743	7003153	4684472150068736461	da9b46bdc0	2	0.63	119643.2
1	0	0.0	100000.0	3743	7003153	4684472150068736461	da9b46bdc0	1	0.62	119643.2
1	0	0.0	100000.0	3743	7003153	4684472150068736461	da9b46bdc0	0	0.64	119643.2
1	0	0.0	100000.0	3743	7003153	2050842182995461247	da9b46bdc0	4	0.61	121618.8
1	0	0.0	100000.0	3743	7003153	2050842182995461247	da9b46bdc0	3	0.63	121618.8
1	0	0.0	100000.0	3743	7003153	2050842182995461247	da9b46bdc0	2	0.62	121618.8
1	0	0.0	100000.0	3743	7003153	2050842182995461247	da9b46bdc0	1	0.62	121618.8
1	0	0.0	100000.0	3743	7003153	2050842182995461247	da9b46bdc0	0	0.62	121618.8
1	0	0.0	100000.0	3743	7003153	170165285102594907	da9b46bdc0	4	0.63	120127.3
1	0	0.0	100000.0	3743	7003153	170165285102594907	da9b46bdc0	3	0.62	120127.3
1	0	0.0	100000.0	3743	7003153	170165285102594907	da9b46bdc0	2	0.61	120127.3
1	0	0.0	100000.0	3743	7003153	170165285102594907	da9b46bdc0	1	0.60	120127.3
1	0	0.0	100000.0	3743	7003153	170165285102594907	da9b46bdc0	0	0.62	120127.3
1	0	0.0	100000.0	3465	6001380	17359839261733334254	da9b46bdc0	4	0.49	119319.8
1	0	0.0	100000.0	3465	6001380	17359839261733334254	da9b46bdc0	3	0.52	119319.8
1	0	0.0	100000.0	3465	6001380	17359839261733334254	da9b46bdc0	2	0.54	119319.8
1	0	0.0	100000.0	3465	6001380	17359839261733334254	da9b46bdc0	1	0.50	119319.8
1	0	0.0	100000.0	3465	6001380	17359839261733334254	da9b46bdc0	0	0.52	119319.8
1	0	0.0	100000.0	3465	6001380	16403722633512254460	da9b46bdc0	4	0.52	120678.4
1	0	0.0	100000.0	3465	6001380	16403722633512254460	da9b46bdc0	3	0.52	120678.4
1	0	0.0	100000.0	3465	6001380	16403722633512254460	da9b46bdc0	2	0.52	120678.4
1	0	0.0	100000.0	3465	6001380	16403722633512254460	da9b46bdc0	1	0.53	120678.4
1	0	0.0	100000.0	3465	6001380	16403722633512254460	da9b46bdc0	0	0.51	120678.4
1	0	0.0	100000.0	3465	6001380	1493275470300733002	da9b46bdc0	4	0.53	121553.8
1	0	0.0	100000.0	3465	6001380	1493275470300733002	da9b46bdc0	3	0.53	121553.8
1	0	0.0	100000.0	3465	6001380	1493275470300733002	da9b46bdc0	2	0.51	121553.8
1	0	0.0	100000.0	3465	6001380	1493275470300733002	da9b46bdc0	1	0.53	121553.8
1	0	0.0	100000.0	3465	6001380	1493275470300733002	da9b46bdc0	0	0.52	121553.8
1	0	0.0	100000.0	3465	6001380	13625375710347212114	da9b46bdc0	4	0.51	120724.9
1	0	0.0	100000.0	3465	6001380	13625375710347212114	da9b46bdc0	3	0.52	120724.9
1	0	0.0	100000.0	3465	6001380	13625375710347212114	da9b46bdc0	2	0.51	120724.9
1	0	0.0	100000.0	3465	6001380	13625375710347212114	da9b46bdc0	1	0.54	120724.9
1	0	0.0	100000.0	3465	6001380	13625375710347212114	da9b46bdc0	0	0.54	120724.9
1	0	0.0	100000.0	3465	6001380	12974659926875519404	da9b46bdc0	4	0.53	120884.6
1	0	0.0	100000.0	3465	6001380	12974659926875519404	da9b46bdc0	3	0.54	120884.6
1	0	0.0	100000.0	3465	6001380	12974659926875519404	da9b46bdc0	2	0.54	120884.6
1	0	0.0	100000.0	3465	6001380	12974659926875519404	da9b46bdc0	1	0.51	120884.6
1	0	0.0	100000.0	3465	6001380	12974659926875519404	da9b46bdc0	0	0.52	120884.6
1	0	0.0	100000.0	3333	500000	17477887803100758065	da9b46bdc0	4	0.20	1301887.8
1	0	0.0	100000.0	3333	500000	17477887803100758065	da9b46bdc0	3	0.21	1301887.8
1	0	0.0	100000.0	3333	500000	17477887803100758065	da9b46bdc0	2	0.21	1301887.8
1	0	0.0	100000.0	3333	500000	17477887803100758065	da9b46bdc0	1	0.20	1301887.8
1	0	0.0	100000.0	3333	500000	17477887803100758065	da9b46bdc0	0	0.21	1301887.8
1	0	0.0	100000.0	3333	500000	16398843257215291551	da9b46bdc0	4	0.19	1349516.6
1	0	0.0	100000.0	3333	500000	16398843257215291551	da9b46bdc0	3	0.20	1349516.6
1	0	0.0	100000.0	3333	500000	16398843257215291551	da9b46bdc0	2	0.19	1349516.6
1	0	0.0	100000.0	3333	500000	16398843257215291551	da9b46bdc0	1	0.20	1349516.6
1	0	0.0	100000.0	3333	500000	16398843257215291551	da9b46bdc0	0	0.21	1349516.6
1	0	0.0	100000.0	3333	500000	16229314348623742586	da9b46bdc0	4	0.21	1355360.1
1	0	0.0	100000.0	3333	500000	16229314348623742586	da9b46bdc0	3	0.20	1355360.1
1	0	0.0	100000.0	3333	500000	16229314348623742586	da9b46bdc0	2	0.21	1355360.1
1	0	0.0	100000.0	3333	500000	16229314348623742586	da9b46bdc0	1	0.20	1355360.1
1	0	0.0	100000.0	3333	500000	16229314348623742586	da9b46bdc0	0	0.19	1355360.1
1	0	0.0	100000.0	3333	500000	15255451044240685586	da9b46bdc0	4	0.19	1333551.0
1	0	0.0	100000.0	3333	500000	15255451044240685586	da9b46bdc0	3	0.20	1333551.0
1	0	0.0	100000.0	3333	500000	15255451044240685586	da9b46bdc0	2	0.19	1333551.0
1	0	0.0	100000.0	3333	500000	15255451044240685586	da9b46bdc0	1	0.20	1333551.0
1	0	0.0	100000.0	3333	500000	15255451044240685586	da9b46bdc0	0	0.20	1333551.0
1	0	0.0	100000.0	3333	500000	10009432958450807629	da9b46bdc0	4	0.21	1328776.9
1	0	0.0	100000.0	3333	500000	10009432958450807629	da9b46bdc0	3	0.20	1328776.9
1	0	0.0	100000.0	3333	500000	10009432958450807629	da9b46bdc0	2	0.20	1328776.9
1	0	0.0	100000.0	3333	500000	10009432958450807629	da9b46bdc0	1	0.21	1328776.9
1	0	0.0	100000.0	3333	500000	10009432958450807629	da9b46bdc0	0	0.19	1328776.9
1	0	0.0	100000.0	3333	5000000	5812500445600846268	da9b46bdc0	4	0.50	131445.4
1	0	0.0	100000.0	3333	5000000	5812500445600846268	da9b46bdc0	3	0.50	131445.4
1	0	0.0	100000.0	3333	5000000	5812500445600846268	da9b46bdc0	2	0.51	131445.4
1	0	0.0	100000.0	3333	5000000	5812500445600846268	da9b46bdc0	1	0.50	131445.4
1	0	0.0	100000.0	3333	5000000	5812500445600846268	da9b46bdc0	0	0.52	131445.4
1	0	0.0	100000.0	3333	5000000	435959253947713908	da9b46bdc0	4	0.50	132165.9
1	0	0.0	100000.0	3333	5000000	435959253947713908	da9b46bdc0	3	0.52	132165.9
1	0	0.0	100000.0	3333	5000000	435959253947713908	da9b46bdc0	2	0.52	132165.9
1	0	0.0	100000.0	3333	5000000	435959253947713908	da9b46bdc0	1	0.51	132165.9
1	0	0.0	100000.0	3333	5000000	435959253947713908	da9b46bdc0	0	0.52	132165.9
1	0	0.0	100000.0	3333	5000000	16531756506665020648	da9b46bdc0	4	0.52	127145.1
1	0	0.0	100000.0	3333	5000000	16531756506665020648	da9b46bdc0	3	0.51	127145.1
1	0	0.0	100000.0	3333	5000000	16531756506665020648	da9b46bdc0	2	0.51	127145.1
1	0	0.0	100000.0	3333	5000000	16531756506665020648	da9b46bdc0	1	0.51	127145.1
1	0	0.0	100000.0	3333	5000000	16531756506665020648	da9b46bdc0	0	0.51	127145.1
1	0	0.0	100000.0	3333	5000000	11943044077687329754	da9b46bdc0	4	0.51	134480.5
1	0	0.0	100000.0	3333	5000000	11943044077687329754	da9b46bdc0	3	0.51	134480.5
1	0	0.0	100000.0	3333	5000000	11943044077687329754	da9b46bdc0	2	0.50	134480.5
1	0	0.0	100000.0	3333	5000000	11943044077687329754	da9b46bdc0	1	0.50	134480.5
1	0	0.0	100000.0	3333	5000000	11943044077687329754	da9b46bdc0	0	0.49	134480.5
1	0	0.0	100000.0	3333	5000000	10987069171828141427	da9b46bdc0	4	0.52	134328.2
1	0	0.0	100000.0	3333	5000000	10987069171828141427	da9b46bdc0	3	0.50	134328.2
1	0	0.0	100000.0	3333	5000000	10987069171828141427	da9b46bdc0	2	0.52	134328.2
1	0	0.0	100000.0	3333	5000000	10987069171828141427	da9b46bdc0	1	0.50	134328.2
1	0	0.0	100000.0	3333	5000000	10987069171828141427	da9b46bdc0	0	0.52	134328.2
1	0	0.0	100000.0	3163	5000703	245835143826134922	da9b46bdc0	4	0.45	117796.4
1	0	0.0	100000.0	3163	5000703	245835143826134922	da9b46bdc0	3	0.46	117796.4
1	0	0.0	100000.0	3163	5000703	245835143826134922	da9b46bdc0	2	0.44	117796.4
1	0	0.0	100000.0	3163	5000703	245835143826134922	da9b46bdc0	1	0.44	117796.4
1	0	0.0	100000.0	3163	5000703	245835143826134922	da9b46bdc0	0	0.43	117796.4
1	0	0.0	100000.0	3163	5000703	14477777198307044027	da9b46bdc0	4	0.42	120794.1
1	0	0.0	100000.0	3163	5000703	14477777198307044027	da9b46bdc0	3	0.43	120794.1
1	0	0.0	100000.0	3163	5000703	14477777198307044027	da9b46bdc0	2	0.44	120794.1
1	0	0.0	100000.0	3163	5000703	14477777198307044027	da9b46bdc0	1	0.43	120794.1
1	0	0.0	100000.0	3163	5000703	14477777198307044027	da9b46bdc0	0	0.42	120794.1
1	0	0.0	100000.0	3163	5000703	12893462876982401791	da9b46bdc0	4	0.44	119481.0
1	0	0.0	100000.0	3163	5000703	12893462876982401791	da9b46bdc0	3	0.43	119481.0
1	0	0.0	100000.0	3163	5000703	12893462876982401791	da9b46bdc0	2	0.44	119481.0
1	0	0.0	100000.0	3163	5000703	12893462876982401791	da9b46bdc0	1	0.44	119481.0
1	0	0.0	100000.0	3163	5000703	12893462876982401791	da9b46bdc0	0	0.44	119481.0
1	0	0.0	100000.0	3163	5000703	11897531482854741665	da9b46bdc0	4	0.44	124337.1
1	0	0.0	100000.0	3163	5000703	11897531482854741665	da9b46bdc0	3	0.43	124337.1
1	0	0.0	100000.0	3163	5000703	11897531482854741665	da9b46bdc0	2	0.43	124337.1
1	0	0.0	100000.0	3163	5000703	11897531482854741665	da9b46bdc0	1	0.42	124337.1
1	0	0.0	100000.0	3163	5000703	11897531482854741665	da9b46bdc0	0	0.42	124337.1
1	0	0.0	100000.0	3163	5000703	11806223055246889292	da9b46bdc0	4	0.42	116937.8
1	0	0.0	100000.0	3163	5000703	11806223055246889292	da9b46bdc0	3	0.44	116937.8
1	0	0.0	100000.0	3163	5000703	11806223055246889292	da9b46bdc0	2	0.43	116937.8
1	0	0.0	100000.0	3163	5000703	11806223055246889292	da9b46bdc0	1	0.43	116937.8
1	0	0.0	100000.0	3163	5000703	11806223055246889292	da9b46bdc0	0	0.42	116937.8
1	0	0.0	100000.0	2829	4000206	7319848834541159983	da9b46bdc0	4	0.34	123048.0
1	0	0.0	100000.0	2829	4000206	7319848834541159983	da9b46bdc0	3	0.32	123048.0
1	0	0.0	100000.0	2829	4000206	7319848834541159983	da9b46bdc0	2	0.32	123048.0
1	0	0.0	100000.0	2829	4000206	7319848834541159983	da9b46bdc0	1	0.32	123048.0
1	0	0.0	100000.0	2829	4000206	7319848834541159983	da9b46bdc0	0	0.33	123048.0
1	0	0.0	100000.0	2829	4000206	4410509844383751366	da9b46bdc0	4	0.34	116211.1
1	0	0.0	100000.0	2829	4000206	4410509844383751366	da9b46bdc0	3	0.34	116211.1
1	0	0.0	100000.0	2829	4000206	4410509844383751366	da9b46bdc0	2	0.32	116211.1
1	0	0.0	100000.0	2829	4000206	4410509844383751366	da9b46bdc0	1	0.33	116211.1
1	0	0.0	100000.0	2829	4000206	4410509844383751366	da9b46bdc0	0	0.34	116211.1
1	0	0.0	100000.0	2829	4000206	4326951196436817237	da9b46bdc0	4	0.33	121702.3
1	0	0.0	100000.0	2829	4000206	4326951196436817237	da9b46bdc0	3	0.32	121702.3
1	0	0.0	100000.0	2829	4000206	4326951196436817237	da9b46bdc0	2	0.32	121702.3
1	0	0.0	100000.0	2829	4000206	4326951196436817237	da9b46bdc0	1	0.32	121702.3
1	0	0.0	100000.0	2829	4000206	4326951196436817237	da9b46bdc0	0	0.34	121702.3
1	0	0.0	100000.0	2829	4000206	10818148971009343199	da9b46bdc0	4	0.33	123159.7
1	0	0.0	100000.0	2829	4000206	10818148971009343199	da9b46bdc0	3	0.32	123159.7
1	0	0.0	100000.0	2829	4000206	10818148971009343199	da9b46bdc0	2	0.34	123159.7
1	0	0.0	100000.0	2829	4000206	10818148971009343199	da9b46bdc0	1	0.34	123159.7
1	0	0.0	100000.0	2829	4000206	10818148971009343199	da9b46bdc0	0	0.32	123159.7
1	0	0.0	100000.0	2829	4000206	10091966515576959847	da9b46bdc0	4	0.34	120825.7
1	0	0.0	100000.0	2829	4000206	10091966515576959847	da9b46bdc0	3	0.33	120825.7
1	0	0.0	100000.0	2829	4000206	10091966515576959847	da9b46bdc0	2	0.34	120825.7
1	0	0.0	100000.0	2829	4000206	10091966515576959847	da9b46bdc0	1	0.33	120825.7
1	0	0.0	100000.0	2829	4000206	10091966515576959847	da9b46bdc0	0	0.35	120825.7
1	0	0.0	100000.0	2666	400000	2530714858503171118	da9b46bdc0	4	0.12	1077877.2
1	0	0.0	100000.0	2666	400000	2530714858503171118	da9b46bdc0	3	0.13	1077877.2
1	0	0.0	100000.0	2666	400000	2530714858503171118	da9b46bdc0	2	0.11	1077877.2
1	0	0.0	100000.0	2666	400000	2530714858503171118	da9b46bdc0	1	0.11	1077877.2
1	0	0.0	100000.0	2666	400000	2530714858503171118	da9b46bdc0	0	0.11	1077877.2
1	0	0.0	100000.0	2666	400000	16940926852185232446	da9b46bdc0	4	0.14	1063806.8
1	0	0.0	100000.0	2666	400000	16940926852185232446	da9b46bdc0	3	0.13	1063806.8
1	0	0.0	100000.0	2666	400000	16940926852185232446	da9b46bdc0	2	0.13	1063806.8
1	0	0.0	100000.0	2666	400000	16940926852185232446	da9b46bdc0	1	0.12	1063806.8
1	0	0.0	100000.0	2666	400000	16940926852185232446	da9b46bdc0	0	0.12	1063806.8
1	0	0.0	100000.0	2666	400000	14341520117430732149	da9b46bdc0	4	0.12	1108100.3
1	0	0.0	100000.0	2666	400000	14341520117430732149	da9b46bdc0	3	0.12	1108100.3
1	0	0.0	100000.0	2666	400000	14341520117430732149	da9b46bdc0	2	0.11	1108100.3
1	0	0.0	100000.0	2666	400000	14341520117430732149	da9b46bdc0	1	0.12	1108100.3
1	0	0.0	100000.0	2666	400000	14341520117430732149	da9b46bdc0	0	0.12	1108100.3
1	0	0.0	100000.0	2666	400000	14231381106369773464	da9b46bdc0	4	0.12	1071559.0
1	0	0.0	100000.0	2666	400000	14231381106369773464	da9b46bdc0	3	0.12	1071559.0
1	0	0.0	100000.0	2666	400000	14231381106369773464	da9b46bdc0	2	0.12	1071559.0
1	0	0.0	100000.0	2666	400000	14231381106369773464	da9b46bdc0	1	0.12	1071559.0
1	0	0.0	100000.0	2666	400000	14231381106369773464	da9b46bdc0	0	0.13	1071559.0
1	0	0.0	100000.0	2666	400000	11291881228089057197	da9b46bdc0	4	0.12	1067926.6
1	0	0.0	100000.0	2666	400000	11291881228089057197	da9b46bdc0	3	0.12	1067926.6
1	0	0.0	100000.0	2666	400000	11291881228089057197	da9b46bdc0	2	0.12	1067926.6
1	0	0.0	100000.0	2666	400000	11291881228089057197	da9b46bdc0	1	0.11	1067926.6
1	0	0.0	100000.0	2666	400000	11291881228089057197	da9b46bdc0	0	0.12	1067926.6
1	0	0.0	100000.0	2450	3000025	8301602438267298438	da9b46bdc0	4	0.25	115762.2
1	0	0.0	100000.0	2450	3000025	8301602438267298438	da9b46bdc0	3	0.24	115762.2
1	0	0.0	100000.0	2450	3000025	8301602438267298438	da9b46bdc0	2	0.24	115762.2
1	0	0.0	100000.0	2450	3000025	8301602438267298438	da9b46bdc0	1	0.24	115762.2
1	0	0.0	100000.0	2450	3000025	8301602438267298438	da9b46bdc0	0	0.24	115762.2
1	0	0.0	100000.0	2450	3000025	6684255214357845379	da9b46bdc0	4	0.24	123509.3
1	0	0.0	100000.0	2450	3000025	6684255214357845379	da9b46bdc0	3	0.24	123509.3
1	0	0.0	100000.0	2450	3000025	6684255214357845379	da9b46bdc0	2	0.24	123509.3
1	0	0.0	100000.0	2450	3000025	6684255214357845379	da9b46bdc0	1	0.24	123509.3
1	0	0.0	100000.0	2450	3000025	6684255214357845379	da9b46bdc0	0	0.24	123509.3
1	0	0.0	100000.0	2450	3000025	5038925763058432905	da9b46bdc0	4	0.25	118577.1
1	0	0.0	100000.0	2450	3000025	5038925763058432905	da9b46bdc0	3	0.25	118577.1
1	0	0.0	100000.0	2450	3000025	5038925763058432905	da9b46bdc0	2	0.23	118577.1
1	0	0.0	100000.0	2450	3000025	5038925763058432905	da9b46bdc0	1	0.25	118577.1
1	0	0.0	100000.0	2450	3000025	5038925763058432905	da9b46bdc0	0	0.24	118577.1
1	0	0.0	100000.0	2450	3000025	4875142143772139927	da9b46bdc0	4	0.24	123426.3
1	0	0.0	100000.0	2450	3000025	4875142143772139927	da9b46bdc0	3	0.24	123426.3
1	0	0.0	100000.0	2450	3000025	4875142143772139927	da9b46bdc0	2	0.24	123426.3
1	0	0.0	100000.0	2450	3000025	4875142143772139927	da9b46bdc0	1	0.25	123426.3
1	0	0.0	100000.0	2450	3000025	4875142143772139927	da9b46bdc0	0	0.24	123426.3
1	0	0.0	100000.0	2450	3000025	14589370501365009837	da9b46bdc0	4	0.24	122076.8
1	0	0.0	100000.0	2450	3000025	14589370501365009837	da9b46bdc0	3	0.24	122076.8
1	0	0.0	100000.0	2450	3000025	14589370501365009837	da9b46bdc0	2	0.23	122076.8
1	0	0.0	100000.0	2450	3000025	14589370501365009837	da9b46bdc0	1	0.25	122076.8
1	0	0.0	100000.0	2450	3000025	14589370501365009837	da9b46bdc0	0	0.23	122076.8
1	0	0.0	100000.0	2001	2001000	8731936605523488160	da9b46bdc0	4	0.14	117768.4
1	0	0.0	100000.0	2001	2001000	8731936605523488160	da9b46bdc0	3	0.15	117768.4
1	0	0.0	100000.0	2001	2001000	8731936605523488160	da9b46bdc0	2	0.15	117768.4
1	0	0.0	100000.0	2001	2001000	8731936605523488160	da9b46bdc0	1	0.15	117768.4
1	0	0.0	100000.0	2001	2001000	8731936605523488160	da9b46bdc0	0	0.16	117768.4
1	0	0.0	100000.0	2001	2001000	3231035565518802519	da9b46bdc0	4	0.15	125512.9
1	0	0.0	100000.0	2001	2001000	3231035565518802519	da9b46bdc0	3	0.15	125512.9
1	0	0.0	100000.0	2001	2001000	3231035565518802519	da9b46bdc0	2	0.15	125512.9
1	0	0.0	100000.0	2001	2001000	3231035565518802519	da9b46bdc0	1	0.15	125512.9
1	0	0.0	100000.0	2001	2001000	3231035565518802519	da9b46bdc0	0	0.16	125512.9
1	0	0.0	100000.0	2001	2001000	3162864466290772742	da9b46bdc0	4	0.15	119164.7
1	0	0.0	100000.0	2001	2001000	3162864466290772742	da9b46bdc0	3	0.15	119164.7
1	0	0.0	100000.0	2001	2001000	3162864466290772742	da9b46bdc0	2	0.14	119164.7
1	0	0.0	100000.0	2001	2001000	3162864466290772742	da9b46bdc0	1	0.16	119164.7
1	0	0.0	100000.0	2001	2001000	3162864466290772742	da9b46bdc0	0	0.14	119164.7
1	0	0.0	100000.0	2001	2001000	12552678760509397671	da9b46bdc0	4	0.15	121002.2
1	0	0.0	100000.0	2001	2001000	12552678760509397671	da9b46bdc0	3	0.14	121002.2
1	0	0.0	100000.0	2001	2001000	12552678760509397671	da9b46bdc0	2	0.15	121002.2
1	0	0.0	100000.0	2001	2001000	12552678760509397671	da9b46bdc0	1	0.15	121002.2
1	0	0.0	100000.0	2001	2001000	12552678760509397671	da9b46bdc0	0	0.15	121002.2
1	0	0.0	100000.0	2001	2001000	11020991984099712910	da9b46bdc0	4	0.14	119066.5
1	0	0.0	100000.0	2001	2001000	11020991984099712910	da9b46bdc0	3	0.15	119066.5
1	0	0.0	100000.0	2001	2001000	11020991984099712910	da9b46bdc0	2	0.14	119066.5
1	0	0.0	100000.0	2001	2001000	11020991984099712910	da9b46bdc0	1	0.16	119066.5
1	0	0.0	100000.0	2001	2001000	11020991984099712910	da9b46bdc0	0	0.15	119066.5
1	0	0.0	100000.0	2000	300000	4587456441655467897	da9b46bdc0	4	0.06	778098.3
1	0	0.0	100000.0	2000	300000	4587456441655467897	da9b46bdc0	3	0.05	778098.3
1	0	0.0	100000.0	2000	300000	4587456441655467897	da9b46bdc0	2	0.06	778098.3
1	0	0.0	100000.0	2000	300000	4587456441655467897	da9b46bdc0	1	0.06	778098.3
1	0	0.0	100000.0	2000	300000	4587456441655467897	da9b46bdc0	0	0.06	778098.3
1	0	0.0	100000.0	2000	300000	17153350933148537850	da9b46bdc0	4	0.06	789549.1
1	0	0.0	100000.0	2000	300000	17153350933148537850	da9b46bdc0	3	0.06	789549.1
1	0	0.0	100000.0	2000	300000	17153350933148537850	da9b46bdc0	2	0.06	789549.1
1	0	0.0	100000.0	2000	300000	17153350933148537850	da9b46bdc0	1	0.06	789549.1
1	0	0.0	100000.0	2000	300000	17153350933148537850	da9b46bdc0	0	0.05	789549.1
1	0	0.0	100000.0	2000	300000	15673353246080233962	da9b46bdc0	4	0.06	836550.7
1	0	0.0	100000.0	2000	300000	15673353246080233962	da9b46bdc0	3	0.06	836550.7
1	0	0.0	100000.0	2000	300000	15673353246080233962	da9b46bdc0	2	0.06	836550.7
1	0	0.0	100000.0	2000	300000	15673353246080233962	da9b46bdc0	1	0.06	836550.7
1	0	0.0	100000.0	2000	300000	15673353246080233962	da9b46bdc0	0	0.06	836550.7
1	0	0.0	100000.0	2000	300000	11767182153102272721	da9b46bdc0	4	0.06	821865.1
1	0	0.0	100000.0	2000	300000	11767182153102272721	da9b46bdc0	3	0.06	821865.1
1	0	0.0	100000.0	2000	300000	11767182153102272721	da9b46bdc0	2	0.05	821865.1
1	0	0.0	100000.0	2000	300000	11767182153102272721	da9b46bdc0	1	0.06	821865.1
1	0	0.0	100000.0	2000	300000	11767182153102272721	da9b46bdc0	0	0.06	821865.1
1	0	0.0	100000.0	2000	300000	10919339539672066803	da9b46bdc0	4	0.05	792063.3
1	0	0.0	100000.0	2000	300000	10919339539672066803	da9b46bdc0	3	0.06	792063.3
1	0	0.0	100000.0	2000	300000	10919339539672066803	da9b46bdc0	2	0.05	792063.3
1	0	0.0	100000.0	2000	300000	10919339539672066803	da9b46bdc0	1	0.05	792063.3
1	0	0.0	100000.0	2000	300000	10919339539672066803	da9b46bdc0	0	0.05	792063.3
1	0	0.0	100000.0	2000	100000	8728428080453687708	da9b46bdc0	4	0.04	2422308.0
1	0	0.0	100000.0	2000	100000	8728428080453687708	da9b46bdc0	3	0.04	2422308.0
1	0	0.0	100000.0	2000	100000	8728428080453687708	da9b46bdc0	2	0.04	2422308.0
1	0	0.0	100000.0	2000	100000	8728428080453687708	da9b46bdc0	1	0.04	2422308.0
1	0	0.0	100000.0	2000	100000	8728428080453687708	da9b46bdc0	0	0.04	2422308.0
1	0	0.0	100000.0	2000	100000	7860122966812489556	da9b46bdc0	4	0.04	2347290.3
1	0	0.0	100000.0	2000	100000	7860122966812489556	da9b46bdc0	3	0.04	2347290.3
1	0	0.0	100000.0	2000	100000	7860122966812489556	da9b46bdc0	2	0.04	2347290.3
1	0	0.0	100000.0	2000	100000	7860122966812489556	da9b46bdc0	1	0.04	2347290.3
1	0	0.0	100000.0	2000	100000	7860122966812489556	da9b46bdc0	0	0.05	2347290.3
1	0	0.0	100000.0	2000	100000	18079955869049009828	da9b46bdc0	4	0.05	2343217.1
1	0	0.0	100000.0	2000	100000	18079955869049009828	da9b46bdc0	3	0.05	2343217.1
1	0	0.0	100000.0	2000	100000	18079955869049009828	da9b46bdc0	2	0.04	2343217.1
1	0	0.0	100000.0	2000	100000	18079955869049009828	da9b46bdc0	1	0.04	2343217.1
1	0	0.0	100000.0	2000	100000	18079955869049009828	da9b46bdc0	0	0.04	2343217.1
1	0	0.0	100000.0	2000	100000	1515338098219444617	da9b46bdc0	4	0.04	2420938.4
1	0	0.0	100000.0	2000	100000	1515338098219444617	da9b46bdc0	3	0.04	2420938.4
1	0	0.0	100000.0	2000	100000	1515338098219444617	da9b46bdc0	2	0.05	2420938.4
1	0	0.0	100000.0	2000	100000	1515338098219444617	da9b46bdc0	1	0.04	2420938.4
1	0	0.0	100000.0	2000	100000	1515338098219444617	da9b46bdc0	0	0.04	2420938.4
1	0	0.0	100000.0	2000	100000	10548967994660097113	da9b46bdc0	4	0.04	2473204.6
1	0	0.0	100000.0	2000	100000	10548967994660097113	da9b46bdc0	3	0.04	2473204.6
1	0	0.0	100000.0	2000	100000	10548967994660097113	da9b46bdc0	2	0.05	2473204.6
1	0	0.0	100000.0	2000	100000	10548967994660097113	da9b46bdc0	1	0.05	2473204.6
1	0	0.0	100000.0	2000	100000	10548967994660097113	da9b46bdc0	0	0.04	2473204.6
1	0	0.0	100000.0	1415	1000405	8217808146263544568	da9b46bdc0	4	0.07	115945.8
1	0	0.0	100000.0	1415	1000405	8217808146263544568	da9b46bdc0	3	0.07	115945.8
1	0	0.0	100000.0	1415	1000405	8217808146263544568	da9b46bdc0	2	0.06	115945.8
1	0	0.0	100000.0	1415	1000405	8217808146263544568	da9b46bdc0	1	0.06	115945.8
1	0	0.0	100000.0	1415	1000405	8217808146263544568	da9b46bdc0	0	0.06	115945.8
1	0	0.0	100000.0	1415	1000405	8148477844915561703	da9b46bdc0	4	0.06	120675.5
1	0	0.0	100000.0	1415	1000405	8148477844915561703	da9b46bdc0	3	0.06	120675.5
1	0	0.0	100000.0	1415	1000405	8148477844915561703	da9b46bdc0	2	0.07	120675.5
1	0	0.0	100000.0	1415	1000405	8148477844915561703	da9b46bdc0	1	0.07	120675.5
1	0	0.0	100000.0	1415	1000405	8148477844915561703	da9b46bdc0	0	0.06	120675.5
1	0	0.0	100000.0	1415	1000405	16964362972906869774	da9b46bdc0	4	0.07	122431.8
1	0	0.0	100000.0	1415	1000405	16964362972906869774	da9b46bdc0	3	0.07	122431.8
1	0	0.0	100000.0	1415	1000405	16964362972906869774	da9b46bdc0	2	0.06	122431.8
1	0	0.0	100000.0	1415	1000405	16964362972906869774	da9b46bdc0	1	0.07	122431.8
1	0	0.0	100000.0	1415	1000405	16964362972906869774	da9b46bdc0	0	0.06	122431.8
1	0	0.0	100000.0	1415	1000405	12528062191820092552	da9b46bdc0	4	0.07	118319.3
1	0	0.0	100000.0	1415	1000405	12528062191820092552	da9b46bdc0	3	0.07	118319.3
1	0	0.0	100000.0	1415	1000405	12528062191820092552	da9b46bdc0	2	0.06	118319.3
1	0	0.0	100000.0	1415	1000405	12528062191820092552	da9b46bdc0	1	0.06	118319.3
1	0	0.0	100000.0	1415	1000405	12528062191820092552	da9b46bdc0	0	0.07	118319.3
1	0	0.0	100000.0	1415	1000405	11055297663285745456	da9b46bdc0	4	0.06	118286.4
1	0	0.0	100000.0	1415	1000405	11055297663285745456	da9b46bdc0	3	0.06	118286.4
1	0	0.0	100000.0	1415	1000405	11055297663285745456	da9b46bdc0	2	0.07	118286.4
1	0	0.0	100000.0	1415	1000405	11055297663285745456	da9b46bdc0	1	0.07	118286.4
1	0	0.0	100000.0	1415	1000405	11055297663285745456	da9b46bdc0	0	0.06	118286.4
1	0	0.0	100000.0	1333	200000	4340171896492173620	da9b46bdc0	4	0.02	506461.4
1	0	0.0	100000.0	1333	200000	4340171896492173620	da9b46bdc0	3	0.02	506461.4
1	0	0.0	100000.0	1333	200000	4340171896492173620	da9b46bdc0	2	0.02	506461.4
1	0	0.0	100000.0	1333	200000	4340171896492173620	da9b46bdc0	1	0.02	506461.4
1	0	0.0	100000.0	1333	200000	4340171896492173620	da9b46bdc0	0	0.02	506461.4
1	0	0.0	100000.0	1333	200000	3505554725561209821	da9b46bdc0	4	0.02	549774.0
1	0	0.0	100000.0	1333	200000	3505554725561209821	da9b46bdc0	3	0.02	549774.0
1	0	0.0	100000.0	1333	200000	3505554725561209821	da9b46bdc0	2	0.02	549774.0
1	0	0.0	100000.0	1333	200000	3505554725561209821	da9b46bdc0	1	0.02	549774.0
1	0	0.0	100000.0	1333	200000	3505554725561209821	da9b46bdc0	0	0.02	549774.0
1	0	0.0	100000.0	1333	200000	18193077461349064299	da9b46bdc0	4	0.02	536723.0
1	0	0.0	100000.0	1333	200000	18193077461349064299	da9b46bdc0	3	0.02	536723.0
1	0	0.0	100000.0	1333	200000	18193077461349064299	da9b46bdc0	2	0.02	536723.0
1	0	0.0	100000.0	1333	200000	18193077461349064299	da9b46bdc0	1	0.02	536723.0
1	0	0.0	100000.0	1333	200000	18193077461349064299	da9b46bdc0	0	0.02	536723.0
1	0	0.0	100000.0	1333	200000	14096988401216229925	da9b46bdc0	4	0.02	521839.5
1	0	0.0	100000.0	1333	200000	14096988401216229925	da9b46bdc0	3	0.02	521839.5
1	0	0.0	100000.0	1333	200000	14096988401216229925	da9b46bdc0	2	0.02	521839.5
1	0	0.0	100000.0	1333	200000	14096988401216229925	da9b46bdc0	1	0.02	521839.5
1	0	0.0	100000.0	1333	200000	14096988401216229925	da9b46bdc0	0	0.02	521839.5
1	0	0.0	100000.0	1333	200000	13252868028536094134	da9b46bdc0	4	0.02	517718.0
1	0	0.0	100000.0	1333	200000	13252868028536094134	da9b46bdc0	3	0.02	517718.0
1	0	0.0	100000.0	1333	200000	13252868028536094134	da9b46bdc0	2	0.02	517718.0
1	0	0.0	100000.0	1333	200000	13252868028536094134	da9b46bdc0	1	0.02	517718.0
1	0	0.0	100000.0	1333	200000	13252868028536094134	da9b46bdc0	0	0.02	517718.0
1	0	0.0	100000.0	1096	600060	6290458685035200256	da9b46bdc0	4	0.04	116100.6
1	0	0.0	100000.0	1096	600060	6290458685035200256	da9b46bdc0	3	0.04	116100.6
1	0	0.0	100000.0	1096	600060	6290458685035200256	da9b46bdc0	2	0.04	116100.6
1	0	0.0	100000.0	1096	600060	6290458685035200256	da9b46bdc0	1	0.04	116100.6
1	0	0.0	100000.0	1096	600060	6290458685035200256	da9b46bdc0	0	0.04	116100.6
1	0	0.0	100000.0	1096	600060	2847011941182166257	da9b46bdc0	4	0.04	126762.8
1	0	0.0	100000.0	1096	600060	2847011941182166257	da9b46bdc0	3	0.03	126762.8
1	0	0.0	100000.0	1096	600060	2847011941182166257	da9b46bdc0	2	0.04	126762.8
1	0	0.0	100000.0	1096	600060	2847011941182166257	da9b46bdc0	1	0.04	126762.8
1	0	0.0	100000.0	1096	600060	2847011941182166257	da9b46bdc0	0	0.03	126762.8
1	0	0.0	100000.0	1096	600060	17275001610796320301	da9b46bdc0	4	0.03	125481.6
1	0	0.0	100000.0	1096	600060	17275001610796320301	da9b46bdc0	3	0.04	125481.6
1	0	0.0	100000.0	1096	600060	17275001610796320301	da9b46bdc0	2	0.03	125481.6
1	0	0.0	100000.0	1096	600060	17275001610796320301	da9b46bdc0	1	0.04	125481.6
1	0	0.0	100000.0	1096	600060	17275001610796320301	da9b46bdc0	0	0.04	125481.6
1	0	0.0	100000.0	1096	600060	14745808863681856302	da9b46bdc0	4	0.04	119257.0
1	0	0.0	100000.0	1096	600060	14745808863681856302	da9b46bdc0	3	0.04	119257.0
1	0	0.0	100000.0	1096	600060	14745808863681856302	da9b46bdc0	2	0.04	119257.0
1	0	0.0	100000.0	1096	600060	14745808863681856302	da9b46bdc0	1	0.04	119257.0
1	0	0.0	100000.0	1096	600060	14745808863681856302	da9b46bdc0	0	0.04	119257.0
1	0	0.0	100000.0	1096	600060	11002444327164293152	da9b46bdc0	4	0.04	124601.3
1	0	0.0	100000.0	1096	600060	11002444327164293152	da9b46bdc0	3	0.04	124601.3
1	0	0.0	100000.0	1096	600060	11002444327164293152	da9b46bdc0	2	0.03	124601.3
1	0	0.0	100000.0	1096	600060	11002444327164293152	da9b46bdc0	1	0.04	124601.3
1	0	0.0	100000.0	1096	600060	11002444327164293152	da9b46bdc0	0	0.04	124601.3
1	0	0.0	100000.0	1001	500500	8198693454672841254	da9b46bdc0	4	0.03	125937.0
1	0	0.0	100000.0	1001	500500	8198693454672841254	da9b46bdc0	3	0.03	125937.0
1	0	0.0	100000.0	1001	500500	8198693454672841254	da9b46bdc0	2	0.02	125937.0
1	0	0.0	100000.0	1001	500500	8198693454672841254	da9b46bdc0	1	0.03	125937.0
1	0	0.0	100000.0	1001	500500	8198693454672841254	da9b46bdc0	0	0.03	125937.0
1	0	0.0	100000.0	1001	500500	7638712388428417106	da9b46bdc0	4	0.02	124618.8
1	0	0.0	100000.0	1001	500500	7638712388428417106	da9b46bdc0	3	0.02	124618.8
1	0	0.0	100000.0	1001	500500	7638712388428417106	da9b46bdc0	2	0.02	124618.8
1	0	0.0	100000.0	1001	500500	7638712388428417106	da9b46bdc0	1	0.03	124618.8
1	0	0.0	100000.0	1001	500500	7638712388428417106	da9b46bdc0	0	0.03	124618.8
1	0	0.0	100000.0	1001	500500	3508436502532993356	da9b46bdc0	4	0.03	112864.8
1	0	0.0	100000.0	1001	500500	3508436502532993356	da9b46bdc0	3	0.03	112864.8
1	0	0.0	100000.0	1001	500500	3508436502532993356	da9b46bdc0	2	0.03	112864.8
1	0	0.0	100000.0	1001	500500	3508436502532993356	da9b46bdc0	1	0.03	112864.8
1	0	0.0	100000.0	1001	500500	3508436502532993356	da9b46bdc0	0	0.03	112864.8
1	0	0.0	100000.0	1001	500500	15657013202064077586	da9b46bdc0	4	0.02	120458.8
1	0	0.0	100000.0	1001	500500	15657013202064077586	da9b46bdc0	3	0.02	120458.8
1	0	0.0	100000.0	1001	500500	15657013202064077586	da9b46bdc0	2	0.03	120458.8
1	0	0.0	100000.0	1001	500500	15657013202064077586	da9b46bdc0	1	0.03	120458.8
1	0	0.0	100000.0	1001	500500	15657013202064077586	da9b46bdc0	0	0.02	120458.8
1	0	0.0	100000.0	1001	500500	12244866433754796313	da9b46bdc0	4	0.03	120822.4
1	0	0.0	100000.0	1001	500500	12244866433754796313	da9b46bdc0	3	0.02	120822.4
1	0	0.0	100000.0	1001	500500	12244866433754796313	da9b46bdc0	2	0.03	120822.4
1	0	0.0	100000.0	1001	500500	12244866433754796313	da9b46bdc0	1	0.03	120822.4
1	0	0.0	100000.0	1001	500500	12244866433754796313	da9b46bdc0	0	0.03	120822.4
