#Prec	Dim	Min	Max     	|V|	|E|	Seed               	Rev       	Run#	Time(sec)	MSTWeight
1	0	0.0	100000.0	895	400065	8925460305226569032	fc05f63801	4	0.02	126312.5
1	0	0.0	100000.0	895	400065	8925460305226569032	fc05f63801	3	0.02	126312.5
1	0	0.0	100000.0	895	400065	8925460305226569032	fc05f63801	2	0.02	126312.5
1	0	0.0	100000.0	895	400065	8925460305226569032	fc05f63801	1	0.02	126312.5
1	0	0.0	100000.0	895	400065	8925460305226569032	fc05f63801	0	0.02	126312.5
1	0	0.0	100000.0	895	400065	4803789279348672769	fc05f63801	4	0.02	124436.9
1	0	0.0	100000.0	895	400065	4803789279348672769	fc05f63801	3	0.02	124436.9
1	0	0.0	100000.0	895	400065	4803789279348672769	fc05f63801	2	0.02	124436.9
1	0	0.0	100000.0	895	400065	4803789279348672769	fc05f63801	1	0.02	124436.9
1	0	0.0	100000.0	895	400065	4803789279348672769	fc05f63801	0	0.02	124436.9
1	0	0.0	100000.0	895	400065	16011167804034869646	fc05f63801	4	0.02	114317.8
1	0	0.0	100000.0	895	400065	16011167804034869646	fc05f63801	3	0.02	114317.8
1	0	0.0	100000.0	895	400065	16011167804034869646	fc05f63801	2	0.02	114317.8
1	0	0.0	100000.0	895	400065	16011167804034869646	fc05f63801	1	0.02	114317.8
1	0	0.0	100000.0	895	400065	16011167804034869646	fc05f63801	0	0.02	114317.8
1	0	0.0	100000.0	895	400065	1536268372202364653	fc05f63801	4	0.02	121034.8
1	0	0.0	100000.0	895	400065	1536268372202364653	fc05f63801	3	0.02	121034.8
1	0	0.0	100000.0	895	400065	1536268372202364653	fc05f63801	2	0.02	121034.8
1	0	0.0	100000.0	895	400065	1536268372202364653	fc05f63801	1	0.02	121034.8
1	0	0.0	100000.0	895	400065	1536268372202364653	fc05f63801	0	0.02	121034.8
1	0	0.0	100000.0	895	400065	14608283289940781134	fc05f63801	4	0.02	118034.1
1	0	0.0	100000.0	895	400065	14608283289940781134	fc05f63801	3	0.02	118034.1
1	0	0.0	100000.0	895	400065	14608283289940781134	fc05f63801	2	0.02	118034.1
1	0	0.0	100000.0	895	400065	14608283289940781134	fc05f63801	1	0.02	118034.1
1	0	0.0	100000.0	895	400065	14608283289940781134	fc05f63801	0	0.02	118034.1
1	0	0.0	100000.0	8000	400000	8178370055831314543	fc05f63801	4	1.24	9510578.0
1	0	0.0	100000.0	8000	400000	8178370055831314543	fc05f63801	3	1.25	9510578.0
1	0	0.0	100000.0	8000	400000	8178370055831314543	fc05f63801	2	1.24	9510578.0
1	0	0.0	100000.0	8000	400000	8178370055831314543	fc05f63801	1	1.24	9510578.0
1	0	0.0	100000.0	8000	400000	8178370055831314543	fc05f63801	0	1.22	9510578.0
1	0	0.0	100000.0	8000	400000	755316621960084639	fc05f63801	4	1.22	9467826.0
1	0	0.0	100000.0	8000	400000	755316621960084639	fc05f63801	3	1.24	9467826.0
1	0	0.0	100000.0	8000	400000	755316621960084639	fc05f63801	2	1.21	9467826.0
1	0	0.0	100000.0	8000	400000	755316621960084639	fc05f63801	1	1.25	9467826.0
1	0	0.0	100000.0	8000	400000	755316621960084639	fc05f63801	0	1.26	9467826.0
1	0	0.0	100000.0	8000	400000	7109435998744908963	fc05f63801	4	1.27	9764167.0
1	0	0.0	100000.0	8000	400000	7109435998744908963	fc05f63801	3	1.26	9764167.0
1	0	0.0	100000.0	8000	400000	7109435998744908963	fc05f63801	2	1.26	9764167.0
1	0	0.0	100000.0	8000	400000	7109435998744908963	fc05f63801	1	1.27	9764167.0
1	0	0.0	100000.0	8000	400000	7109435998744908963	fc05f63801	0	1.27	9764167.0
1	0	0.0	100000.0	8000	400000	5634599153838738692	fc05f63801	4	1.26	9535430.0
1	0	0.0	100000.0	8000	400000	5634599153838738692	fc05f63801	3	1.26	9535430.0
1	0	0.0	100000.0	8000	400000	5634599153838738692	fc05f63801	2	1.26	9535430.0
1	0	0.0	100000.0	8000	400000	5634599153838738692	fc05f63801	1	1.26	9535430.0
1	0	0.0	100000.0	8000	400000	5634599153838738692	fc05f63801	0	1.26	9535430.0
1	0	0.0	100000.0	8000	400000	16278830066662925580	fc05f63801	4	1.28	9557252.0
1	0	0.0	100000.0	8000	400000	16278830066662925580	fc05f63801	3	1.24	9557252.0
1	0	0.0	100000.0	8000	400000	16278830066662925580	fc05f63801	2	1.26	9557252.0
1	0	0.0	100000.0	8000	400000	16278830066662925580	fc05f63801	1	1.26	9557252.0
1	0	0.0	100000.0	8000	400000	16278830066662925580	fc05f63801	0	1.25	9557252.0
1	0	0.0	100000.0	776	300700	7062495216961211968	fc05f63801	4	0.01	112623.7
1	0	0.0	100000.0	776	300700	7062495216961211968	fc05f63801	3	0.02	112623.7
1	0	0.0	100000.0	776	300700	7062495216961211968	fc05f63801	2	0.02	112623.7
1	0	0.0	100000.0	776	300700	7062495216961211968	fc05f63801	1	0.02	112623.7
1	0	0.0	100000.0	776	300700	7062495216961211968	fc05f63801	0	0.02	112623.7
1	0	0.0	100000.0	776	300700	6084104709231176045	fc05f63801	4	0.02	120547.8
1	0	0.0	100000.0	776	300700	6084104709231176045	fc05f63801	3	0.02	120547.8
1	0	0.0	100000.0	776	300700	6084104709231176045	fc05f63801	2	0.02	120547.8
1	0	0.0	100000.0	776	300700	6084104709231176045	fc05f63801	1	0.02	120547.8
1	0	0.0	100000.0	776	300700	6084104709231176045	fc05f63801	0	0.02	120547.8
1	0	0.0	100000.0	776	300700	5353785960934771661	fc05f63801	4	0.01	113742.9
1	0	0.0	100000.0	776	300700	5353785960934771661	fc05f63801	3	0.02	113742.9
1	0	0.0	100000.0	776	300700	5353785960934771661	fc05f63801	2	0.01	113742.9
1	0	0.0	100000.0	776	300700	5353785960934771661	fc05f63801	1	0.02	113742.9
1	0	0.0	100000.0	776	300700	5353785960934771661	fc05f63801	0	0.01	113742.9
1	0	0.0	100000.0	776	300700	15679862045385231065	fc05f63801	4	0.02	118059.3
1	0	0.0	100000.0	776	300700	15679862045385231065	fc05f63801	3	0.02	118059.3
1	0	0.0	100000.0	776	300700	15679862045385231065	fc05f63801	2	0.02	118059.3
1	0	0.0	100000.0	776	300700	15679862045385231065	fc05f63801	1	0.01	118059.3
1	0	0.0	100000.0	776	300700	15679862045385231065	fc05f63801	0	0.02	118059.3
1	0	0.0	100000.0	776	300700	1444808730792016342	fc05f63801	4	0.02	129762.4
1	0	0.0	100000.0	776	300700	1444808730792016342	fc05f63801	3	0.02	129762.4
1	0	0.0	100000.0	776	300700	1444808730792016342	fc05f63801	2	0.02	129762.4
1	0	0.0	100000.0	776	300700	1444808730792016342	fc05f63801	1	0.02	129762.4
1	0	0.0	100000.0	776	300700	1444808730792016342	fc05f63801	0	0.01	129762.4
1	0	0.0	100000.0	6666	1000000	9966520834141784236	fc05f63801	4	0.93	2695471.0
1	0	0.0	100000.0	6666	1000000	9966520834141784236	fc05f63801	3	0.90	2695471.0
1	0	0.0	100000.0	6666	1000000	9966520834141784236	fc05f63801	2	0.92	2695471.0
1	0	0.0	100000.0	6666	1000000	9966520834141784236	fc05f63801	1	0.94	2695471.0
1	0	0.0	100000.0	6666	1000000	9966520834141784236	fc05f63801	0	0.90	2695471.0
1	0	0.0	100000.0	6666	1000000	8293843303024253045	fc05f63801	4	0.92	2635680.2
1	0	0.0	100000.0	6666	1000000	8293843303024253045	fc05f63801	3	0.91	2635680.2
1	0	0.0	100000.0	6666	1000000	8293843303024253045	fc05f63801	2	0.90	2635680.2
1	0	0.0	100000.0	6666	1000000	8293843303024253045	fc05f63801	1	0.92	2635680.2
1	0	0.0	100000.0	6666	1000000	8293843303024253045	fc05f63801	0	0.92	2635680.2
1	0	0.0	100000.0	6666	1000000	4356534229021914824	fc05f63801	4	0.90	2657916.0
1	0	0.0	100000.0	6666	1000000	4356534229021914824	fc05f63801	3	0.90	2657916.0
1	0	0.0	100000.0	6666	1000000	4356534229021914824	fc05f63801	2	0.89	2657916.0
1	0	0.0	100000.0	6666	1000000	4356534229021914824	fc05f63801	1	0.91	2657916.0
1	0	0.0	100000.0	6666	1000000	4356534229021914824	fc05f63801	0	0.90	2657916.0
1	0	0.0	100000.0	6666	1000000	15027987145977349870	fc05f63801	4	0.95	2646799.2
1	0	0.0	100000.0	6666	1000000	15027987145977349870	fc05f63801	3	0.95	2646799.2
1	0	0.0	100000.0	6666	1000000	15027987145977349870	fc05f63801	2	0.90	2646799.2
1	0	0.0	100000.0	6666	1000000	15027987145977349870	fc05f63801	1	0.90	2646799.2
1	0	0.0	100000.0	6666	1000000	15027987145977349870	fc05f63801	0	0.90	2646799.2
1	0	0.0	100000.0	6666	1000000	13291031069107935518	fc05f63801	4	0.90	2719273.0
1	0	0.0	100000.0	6666	1000000	13291031069107935518	fc05f63801	3	0.89	2719273.0
1	0	0.0	100000.0	6666	1000000	13291031069107935518	fc05f63801	2	0.92	2719273.0
1	0	0.0	100000.0	6666	1000000	13291031069107935518	fc05f63801	1	0.90	2719273.0
1	0	0.0	100000.0	6666	1000000	13291031069107935518	fc05f63801	0	0.91	2719273.0
1	0	0.0	100000.0	6666	10000000	6334304201177435535	fc05f63801	4	1.49	263603.7
1	0	0.0	100000.0	6666	10000000	6334304201177435535	fc05f63801	3	1.53	263603.7
1	0	0.0	100000.0	6666	10000000	6334304201177435535	fc05f63801	2	1.50	263603.7
1	0	0.0	100000.0	6666	10000000	6334304201177435535	fc05f63801	1	1.52	263603.7
1	0	0.0	100000.0	6666	10000000	6334304201177435535	fc05f63801	0	1.56	263603.7
1	0	0.0	100000.0	6666	10000000	6315500809367382057	fc05f63801	4	1.54	264416.4
1	0	0.0	100000.0	6666	10000000	6315500809367382057	fc05f63801	3	1.51	264416.4
1	0	0.0	100000.0	6666	10000000	6315500809367382057	fc05f63801	2	1.53	264416.4
1	0	0.0	100000.0	6666	10000000	6315500809367382057	fc05f63801	1	1.51	264416.4
1	0	0.0	100000.0	6666	10000000	6315500809367382057	fc05f63801	0	1.53	264416.4
1	0	0.0	100000.0	6666	10000000	18101335945181033192	fc05f63801	4	1.50	270176.4
1	0	0.0	100000.0	6666	10000000	18101335945181033192	fc05f63801	3	1.50	270176.4
1	0	0.0	100000.0	6666	10000000	18101335945181033192	fc05f63801	2	1.50	270176.4
1	0	0.0	100000.0	6666	10000000	18101335945181033192	fc05f63801	1	1.52	270176.4
1	0	0.0	100000.0	6666	10000000	18101335945181033192	fc05f63801	0	1.51	270176.4
1	0	0.0	100000.0	6666	10000000	16097821271253099142	fc05f63801	4	1.51	270289.3
1	0	0.0	100000.0	6666	10000000	16097821271253099142	fc05f63801	3	1.52	270289.3
1	0	0.0	100000.0	6666	10000000	16097821271253099142	fc05f63801	2	1.49	270289.3
1	0	0.0	100000.0	6666	10000000	16097821271253099142	fc05f63801	1	1.53	270289.3
1	0	0.0	100000.0	6666	10000000	16097821271253099142	fc05f63801	0	1.53	270289.3
1	0	0.0	100000.0	6666	10000000	11814315463814603712	fc05f63801	4	1.55	263096.2
1	0	0.0	100000.0	6666	10000000	11814315463814603712	fc05f63801	3	1.53	263096.2
1	0	0.0	100000.0	6666	10000000	11814315463814603712	fc05f63801	2	1.52	263096.2
1	0	0.0	100000.0	6666	10000000	11814315463814603712	fc05f63801	1	1.54	263096.2
1	0	0.0	100000.0	6666	10000000	11814315463814603712	fc05f63801	0	1.58	263096.2
1	0	0.0	100000.0	666	100000	8211211464294972040	fc05f63801	4	0.00	241395.4
1	0	0.0	100000.0	666	100000	8211211464294972040	fc05f63801	3	0.00	241395.4
1	0	0.0	100000.0	666	100000	8211211464294972040	fc05f63801	2	0.00	241395.4
1	0	0.0	100000.0	666	100000	8211211464294972040	fc05f63801	1	0.01	241395.4
1	0	0.0	100000.0	666	100000	8211211464294972040	fc05f63801	0	0.00	241395.4
1	0	0.0	100000.0	666	100000	5880970769109285748	fc05f63801	4	0.00	252210.7
1	0	0.0	100000.0	666	100000	5880970769109285748	fc05f63801	3	0.00	252210.7
1	0	0.0	100000.0	666	100000	5880970769109285748	fc05f63801	2	0.00	252210.7
1	0	0.0	100000.0	666	100000	5880970769109285748	fc05f63801	1	0.00	252210.7
1	0	0.0	100000.0	666	100000	5880970769109285748	fc05f63801	0	0.00	252210.7
1	0	0.0	100000.0	666	100000	1760500639743977083	fc05f63801	4	0.01	263774.4
1	0	0.0	100000.0	666	100000	1760500639743977083	fc05f63801	3	0.00	263774.4
1	0	0.0	100000.0	666	100000	1760500639743977083	fc05f63801	2	0.00	263774.4
1	0	0.0	100000.0	666	100000	1760500639743977083	fc05f63801	1	0.00	263774.4
1	0	0.0	100000.0	666	100000	1760500639743977083	fc05f63801	0	0.00	263774.4
1	0	0.0	100000.0	666	100000	1448273828449851834	fc05f63801	4	0.00	273359.4
1	0	0.0	100000.0	666	100000	1448273828449851834	fc05f63801	3	0.00	273359.4
1	0	0.0	100000.0	666	100000	1448273828449851834	fc05f63801	2	0.01	273359.4
1	0	0.0	100000.0	666	100000	1448273828449851834	fc05f63801	1	0.00	273359.4
1	0	0.0	100000.0	666	100000	1448273828449851834	fc05f63801	0	0.00	273359.4
1	0	0.0	100000.0	666	100000	10370300683978787574	fc05f63801	4	0.00	288440.8
1	0	0.0	100000.0	666	100000	10370300683978787574	fc05f63801	3	0.00	288440.8
1	0	0.0	100000.0	666	100000	10370300683978787574	fc05f63801	2	0.01	288440.8
1	0	0.0	100000.0	666	100000	10370300683978787574	fc05f63801	1	0.01	288440.8
1	0	0.0	100000.0	666	100000	10370300683978787574	fc05f63801	0	0.00	288440.8
1	0	0.0	100000.0	633	200028	4062806755422012841	fc05f63801	4	0.00	125130.0
1	0	0.0	100000.0	633	200028	4062806755422012841	fc05f63801	3	0.00	125130.0
1	0	0.0	100000.0	633	200028	4062806755422012841	fc05f63801	2	0.01	125130.0
1	0	0.0	100000.0	633	200028	4062806755422012841	fc05f63801	1	0.01	125130.0
1	0	0.0	100000.0	633	200028	4062806755422012841	fc05f63801	0	0.01	125130.0
1	0	0.0	100000.0	633	200028	2143900377532590080	fc05f63801	4	0.01	116291.3
1	0	0.0	100000.0	633	200028	2143900377532590080	fc05f63801	3	0.01	116291.3
1	0	0.0	100000.0	633	200028	2143900377532590080	fc05f63801	2	0.01	116291.3
1	0	0.0	100000.0	633	200028	2143900377532590080	fc05f63801	1	0.01	116291.3
1	0	0.0	100000.0	633	200028	2143900377532590080	fc05f63801	0	0.01	116291.3
1	0	0.0	100000.0	633	200028	172317727265506857	fc05f63801	4	0.01	127054.8
1	0	0.0	100000.0	633	200028	172317727265506857	fc05f63801	3	0.01	127054.8
1	0	0.0	100000.0	633	200028	172317727265506857	fc05f63801	2	0.01	127054.8
1	0	0.0	100000.0	633	200028	172317727265506857	fc05f63801	1	0.01	127054.8
1	0	0.0	100000.0	633	200028	172317727265506857	fc05f63801	0	0.01	127054.8
1	0	0.0	100000.0	633	200028	12719845122852301949	fc05f63801	4	0.01	118793.0
1	0	0.0	100000.0	633	200028	12719845122852301949	fc05f63801	3	0.01	118793.0
1	0	0.0	100000.0	633	200028	12719845122852301949	fc05f63801	2	0.01	118793.0
1	0	0.0	100000.0	633	200028	12719845122852301949	fc05f63801	1	0.00	118793.0
1	0	0.0	100000.0	633	200028	12719845122852301949	fc05f63801	0	0.01	118793.0
1	0	0.0	100000.0	633	200028	10808559031493456036	fc05f63801	4	0.01	124428.4
1	0	0.0	100000.0	633	200028	10808559031493456036	fc05f63801	3	0.01	124428.4
1	0	0.0	100000.0	633	200028	10808559031493456036	fc05f63801	2	0.01	124428.4
1	0	0.0	100000.0	633	200028	10808559031493456036	fc05f63801	1	0.01	124428.4
1	0	0.0	100000.0	633	200028	10808559031493456036	fc05f63801	0	0.01	124428.4
1	0	0.0	100000.0	6000	9000000	6310172644662009711	fc05f63801	4	1.26	239266.3
1	0	0.0	100000.0	6000	9000000	6310172644662009711	fc05f63801	3	1.28	239266.3
1	0	0.0	100000.0	6000	9000000	6310172644662009711	fc05f63801	2	1.28	239266.3
1	0	0.0	100000.0	6000	9000000	6310172644662009711	fc05f63801	1	1.28	239266.3
1	0	0.0	100000.0	6000	9000000	6310172644662009711	fc05f63801	0	1.29	239266.3
1	0	0.0	100000.0	6000	9000000	5052341106461448491	fc05f63801	4	1.26	239921.2
1	0	0.0	100000.0	6000	9000000	5052341106461448491	fc05f63801	3	1.27	239921.2
1	0	0.0	100000.0	6000	9000000	5052341106461448491	fc05f63801	2	1.28	239921.2
1	0	0.0	100000.0	6000	9000000	5052341106461448491	fc05f63801	1	1.28	239921.2
1	0	0.0	100000.0	6000	9000000	5052341106461448491	fc05f63801	0	1.30	239921.2
1	0	0.0	100000.0	6000	9000000	3981615899677582944	fc05f63801	4	1.25	233627.3
1	0	0.0	100000.0	6000	9000000	3981615899677582944	fc05f63801	3	1.30	233627.3
1	0	0.0	100000.0	6000	9000000	3981615899677582944	fc05f63801	2	1.22	233627.3
1	0	0.0	100000.0	6000	9000000	3981615899677582944	fc05f63801	1	1.31	233627.3
1	0	0.0	100000.0	6000	9000000	3981615899677582944	fc05f63801	0	1.27	233627.3
1	0	0.0	100000.0	6000	9000000	13168880595183425512	fc05f63801	4	1.27	238066.2
1	0	0.0	100000.0	6000	9000000	13168880595183425512	fc05f63801	3	1.26	238066.2
1	0	0.0	100000.0	6000	9000000	13168880595183425512	fc05f63801	2	1.25	238066.2
1	0	0.0	100000.0	6000	9000000	13168880595183425512	fc05f63801	1	1.29	238066.2
1	0	0.0	100000.0	6000	9000000	13168880595183425512	fc05f63801	0	1.26	238066.2
1	0	0.0	100000.0	6000	9000000	12313859973247412685	fc05f63801	4	1.29	243544.4
1	0	0.0	100000.0	6000	9000000	12313859973247412685	fc05f63801	3	1.29	243544.4
1	0	0.0	100000.0	6000	9000000	12313859973247412685	fc05f63801	2	1.27	243544.4
1	0	0.0	100000.0	6000	9000000	12313859973247412685	fc05f63801	1	1.26	243544.4
1	0	0.0	100000.0	6000	9000000	12313859973247412685	fc05f63801	0	1.30	243544.4
1	0	0.0	100000.0	6000	300000	6217696594726391146	fc05f63801	4	0.70	7344451.5
1	0	0.0	100000.0	6000	300000	6217696594726391146	fc05f63801	3	0.70	7344451.5
1	0	0.0	100000.0	6000	300000	6217696594726391146	fc05f63801	2	0.68	7344451.5
1	0	0.0	100000.0	6000	300000	6217696594726391146	fc05f63801	1	0.69	7344451.5
1	0	0.0	100000.0	6000	300000	6217696594726391146	fc05f63801	0	0.69	7344451.5
1	0	0.0	100000.0	6000	300000	5317395321297748599	fc05f63801	4	0.66	7284813.0
1	0	0.0	100000.0	6000	300000	5317395321297748599	fc05f63801	3	0.68	7284813.0
1	0	0.0	100000.0	6000	300000	5317395321297748599	fc05f63801	2	0.68	7284813.0
1	0	0.0	100000.0	6000	300000	5317395321297748599	fc05f63801	1	0.70	7284813.0
1	0	0.0	100000.0	6000	300000	5317395321297748599	fc05f63801	0	0.70	7284813.0
1	0	0.0	100000.0	6000	300000	16876383314341572275	fc05f63801	4	0.68	7123244.0
1	0	0.0	100000.0	6000	300000	16876383314341572275	fc05f63801	3	0.68	7123244.0
1	0	0.0	100000.0	6000	300000	16876383314341572275	fc05f63801	2	0.70	7123244.0
1	0	0.0	100000.0	6000	300000	16876383314341572275	fc05f63801	1	0.70	7123244.0
1	0	0.0	100000.0	6000	300000	16876383314341572275	fc05f63801	0	0.70	7123244.0
1	0	0.0	100000.0	6000	300000	14845490920887700563	fc05f63801	4	0.71	7197953.5
1	0	0.0	100000.0	6000	300000	14845490920887700563	fc05f63801	3	0.68	7197953.5
1	0	0.0	100000.0	6000	300000	14845490920887700563	fc05f63801	2	0.70	7197953.5
1	0	0.0	100000.0	6000	300000	14845490920887700563	fc05f63801	1	0.70	7197953.5
1	0	0.0	100000.0	6000	300000	14845490920887700563	fc05f63801	0	0.71	7197953.5
1	0	0.0	100000.0	6000	300000	13519136763786287466	fc05f63801	4	0.68	7212158.5
1	0	0.0	100000.0	6000	300000	13519136763786287466	fc05f63801	3	0.68	7212158.5
1	0	0.0	100000.0	6000	300000	13519136763786287466	fc05f63801	2	0.68	7212158.5
1	0	0.0	100000.0	6000	300000	13519136763786287466	fc05f63801	1	0.69	7212158.5
1	0	0.0	100000.0	6000	300000	13519136763786287466	fc05f63801	0	0.67	7212158.5
1	0	0.0	100000.0	5333	8000000	8877577877613262218	fc05f63801	4	1.06	215187.9
1	0	0.0	100000.0	5333	8000000	8877577877613262218	fc05f63801	3	1.07	215187.9
1	0	0.0	100000.0	5333	8000000	8877577877613262218	fc05f63801	2	1.05	215187.9
1	0	0.0	100000.0	5333	8000000	8877577877613262218	fc05f63801	1	1.07	215187.9
1	0	0.0	100000.0	5333	8000000	8877577877613262218	fc05f63801	0	1.06	215187.9
1	0	0.0	100000.0	5333	8000000	3443513576556580598	fc05f63801	4	1.10	210104.0
1	0	0.0	100000.0	5333	8000000	3443513576556580598	fc05f63801	3	1.08	210104.0
1	0	0.0	100000.0	5333	8000000	3443513576556580598	fc05f63801	2	1.07	210104.0
1	0	0.0	100000.0	5333	8000000	3443513576556580598	fc05f63801	1	1.09	210104.0
1	0	0.0	100000.0	5333	8000000	3443513576556580598	fc05f63801	0	1.08	210104.0
1	0	0.0	100000.0	5333	8000000	3070436822323462774	fc05f63801	4	1.08	212277.5
1	0	0.0	100000.0	5333	8000000	3070436822323462774	fc05f63801	3	1.08	212277.5
1	0	0.0	100000.0	5333	8000000	3070436822323462774	fc05f63801	2	1.07	212277.5
1	0	0.0	100000.0	5333	8000000	3070436822323462774	fc05f63801	1	1.05	212277.5
1	0	0.0	100000.0	5333	8000000	3070436822323462774	fc05f63801	0	1.08	212277.5
1	0	0.0	100000.0	5333	8000000	1959801749523748169	fc05f63801	4	1.06	211447.5
1	0	0.0	100000.0	5333	8000000	1959801749523748169	fc05f63801	3	1.05	211447.5
1	0	0.0	100000.0	5333	8000000	1959801749523748169	fc05f63801	2	1.06	211447.5
1	0	0.0	100000.0	5333	8000000	1959801749523748169	fc05f63801	1	1.03	211447.5
1	0	0.0	100000.0	5333	8000000	1959801749523748169	fc05f63801	0	1.06	211447.5
1	0	0.0	100000.0	5333	8000000	16038720761884372260	fc05f63801	4	1.05	215445.8
1	0	0.0	100000.0	5333	8000000	16038720761884372260	fc05f63801	3	1.05	215445.8
1	0	0.0	100000.0	5333	8000000	16038720761884372260	fc05f63801	2	1.08	215445.8
1	0	0.0	100000.0	5333	8000000	16038720761884372260	fc05f63801	1	1.07	215445.8
1	0	0.0	100000.0	5333	8000000	16038720761884372260	fc05f63801	0	1.07	215445.8
1	0	0.0	100000.0	4666	7000000	828215655179792699	fc05f63801	4	0.84	183408.9
1	0	0.0	100000.0	4666	7000000	828215655179792699	fc05f63801	3	0.86	183408.9
1	0	0.0	100000.0	4666	7000000	828215655179792699	fc05f63801	2	0.86	183408.9
1	0	0.0	100000.0	4666	7000000	828215655179792699	fc05f63801	1	0.84	183408.9
1	0	0.0	100000.0	4666	7000000	828215655179792699	fc05f63801	0	0.87	183408.9
1	0	0.0	100000.0	4666	7000000	7178059685819518013	fc05f63801	4	0.84	184778.2
1	0	0.0	100000.0	4666	7000000	7178059685819518013	fc05f63801	3	0.88	184778.2
1	0	0.0	100000.0	4666	7000000	7178059685819518013	fc05f63801	2	0.86	184778.2
1	0	0.0	100000.0	4666	7000000	7178059685819518013	fc05f63801	1	0.86	184778.2
1	0	0.0	100000.0	4666	7000000	7178059685819518013	fc05f63801	0	0.86	184778.2
1	0	0.0	100000.0	4666	7000000	5513993795884221396	fc05f63801	4	0.85	187369.8
1	0	0.0	100000.0	4666	7000000	5513993795884221396	fc05f63801	3	0.85	187369.8
1	0	0.0	100000.0	4666	7000000	5513993795884221396	fc05f63801	2	0.87	187369.8
1	0	0.0	100000.0	4666	7000000	5513993795884221396	fc05f63801	1	0.86	187369.8
1	0	0.0	100000.0	4666	7000000	5513993795884221396	fc05f63801	0	0.88	187369.8
1	0	0.0	100000.0	4666	7000000	14507103634590178114	fc05f63801	4	0.89	196378.8
1	0	0.0	100000.0	4666	7000000	14507103634590178114	fc05f63801	3	0.86	196378.8
1	0	0.0	100000.0	4666	7000000	14507103634590178114	fc05f63801	2	0.90	196378.8
1	0	0.0	100000.0	4666	7000000	14507103634590178114	fc05f63801	1	0.87	196378.8
1	0	0.0	100000.0	4666	7000000	14507103634590178114	fc05f63801	0	0.84	196378.8
1	0	0.0	100000.0	4666	7000000	10623182125740832759	fc05f63801	4	0.87	186960.0
1	0	0.0	100000.0	4666	7000000	10623182125740832759	fc05f63801	3	0.84	186960.0
1	0	0.0	100000.0	4666	7000000	10623182125740832759	fc05f63801	2	0.87	186960.0
1	0	0.0	100000.0	4666	7000000	10623182125740832759	fc05f63801	1	0.84	186960.0
1	0	0.0	100000.0	4666	7000000	10623182125740832759	fc05f63801	0	0.86	186960.0
1	0	0.0	100000.0	448	100128	3641317849144040426	fc05f63801	4	0.00	122117.6
1	0	0.0	100000.0	448	100128	3641317849144040426	fc05f63801	3	0.00	122117.6
1	0	0.0	100000.0	448	100128	3641317849144040426	fc05f63801	2	0.00	122117.6
1	0	0.0	100000.0	448	100128	3641317849144040426	fc05f63801	1	0.00	122117.6
1	0	0.0	100000.0	448	100128	3641317849144040426	fc05f63801	0	0.00	122117.6
1	0	0.0	100000.0	448	100128	15745475670390588204	fc05f63801	4	0.00	119831.4
1	0	0.0	100000.0	448	100128	15745475670390588204	fc05f63801	3	0.00	119831.4
1	0	0.0	100000.0	448	100128	15745475670390588204	fc05f63801	2	0.00	119831.4
1	0	0.0	100000.0	448	100128	15745475670390588204	fc05f63801	1	0.00	119831.4
1	0	0.0	100000.0	448	100128	15745475670390588204	fc05f63801	0	0.00	119831.4
1	0	0.0	100000.0	448	100128	15535079078970426736	fc05f63801	4	0.00	115107.2
1	0	0.0	100000.0	448	100128	15535079078970426736	fc05f63801	3	0.00	115107.2
1	0	0.0	100000.0	448	100128	15535079078970426736	fc05f63801	2	0.00	115107.2
1	0	0.0	100000.0	448	100128	15535079078970426736	fc05f63801	1	0.00	115107.2
1	0	0.0	100000.0	448	100128	15535079078970426736	fc05f63801	0	0.00	115107.2
1	0	0.0	100000.0	448	100128	14383648850884890768	fc05f63801	4	0.00	110647.2
1	0	0.0	100000.0	448	100128	14383648850884890768	fc05f63801	3	0.00	110647.2
1	0	0.0	100000.0	448	100128	14383648850884890768	fc05f63801	2	0.00	110647.2
1	0	0.0	100000.0	448	100128	14383648850884890768	fc05f63801	1	0.00	110647.2
1	0	0.0	100000.0	448	100128	14383648850884890768	fc05f63801	0	0.00	110647.2
1	0	0.0	100000.0	448	100128	1144473762101761719	fc05f63801	4	0.00	117491.1
1	0	0.0	100000.0	448	100128	1144473762101761719	fc05f63801	3	0.00	117491.1
1	0	0.0	100000.0	448	100128	1144473762101761719	fc05f63801	2	0.00	117491.1
1	0	0.0	100000.0	448	100128	1144473762101761719	fc05f63801	1	0.00	117491.1
1	0	0.0	100000.0	448	100128	1144473762101761719	fc05f63801	0	0.00	117491.1
1	0	0.0	100000.0	4473	10001628	7379400662804615638	fc05f63801	4	0.92	120798.6
1	0	0.0	100000.0	4473	10001628	7379400662804615638	fc05f63801	3	0.93	120798.6
1	0	0.0	100000.0	4473	10001628	7379400662804615638	fc05f63801	2	0.92	120798.6
1	0	0.0	100000.0	4473	10001628	7379400662804615638	fc05f63801	1	0.93	120798.6
1	0	0.0	100000.0	4473	10001628	7379400662804615638	fc05f63801	0	0.96	120798.6
1	0	0.0	100000.0	4473	10001628	60442884859400797	fc05f63801	4	0.93	123166.1
1	0	0.0	100000.0	4473	10001628	60442884859400797	fc05f63801	3	0.90	123166.1
1	0	0.0	100000.0	4473	10001628	60442884859400797	fc05f63801	2	0.94	123166.1
1	0	0.0	100000.0	4473	10001628	60442884859400797	fc05f63801	1	0.93	123166.1
1	0	0.0	100000.0	4473	10001628	60442884859400797	fc05f63801	0	0.95	123166.1
1	0	0.0	100000.0	4473	10001628	17713476692273780954	fc05f63801	4	0.93	116482.1
1	0	0.0	100000.0	4473	10001628	17713476692273780954	fc05f63801	3	0.92	116482.1
1	0	0.0	100000.0	4473	10001628	17713476692273780954	fc05f63801	2	0.91	116482.1
1	0	0.0	100000.0	4473	10001628	17713476692273780954	fc05f63801	1	0.93	116482.1
1	0	0.0	100000.0	4473	10001628	17713476692273780954	fc05f63801	0	0.92	116482.1
1	0	0.0	100000.0	4473	10001628	1297378641850162346	fc05f63801	4	0.90	118899.6
1	0	0.0	100000.0	4473	10001628	1297378641850162346	fc05f63801	3	0.93	118899.6
1	0	0.0	100000.0	4473	10001628	1297378641850162346	fc05f63801	2	0.90	118899.6
1	0	0.0	100000.0	4473	10001628	1297378641850162346	fc05f63801	1	0.91	118899.6
1	0	0.0	100000.0	4473	10001628	1297378641850162346	fc05f63801	0	0.92	118899.6
1	0	0.0	100000.0	4473	10001628	10115597953345275263	fc05f63801	4	0.93	119089.2
1	0	0.0	100000.0	4473	10001628	10115597953345275263	fc05f63801	3	0.94	119089.2
1	0	0.0	100000.0	4473	10001628	10115597953345275263	fc05f63801	2	0.94	119089.2
1	0	0.0	100000.0	4473	10001628	10115597953345275263	fc05f63801	1	0.95	119089.2
1	0	0.0	100000.0	4473	10001628	10115597953345275263	fc05f63801	0	0.97	119089.2
1	0	0.0	100000.0	4244	9003646	9788850697165700306	fc05f63801	4	0.82	123792.9
1	0	0.0	100000.0	4244	9003646	9788850697165700306	fc05f63801	3	0.83	123792.9
1	0	0.0	100000.0	4244	9003646	9788850697165700306	fc05f63801	2	0.82	123792.9
1	0	0.0	100000.0	4244	9003646	9788850697165700306	fc05f63801	1	0.82	123792.9
1	0	0.0	100000.0	4244	9003646	9788850697165700306	fc05f63801	0	0.84	123792.9
1	0	0.0	100000.0	4244	9003646	16463650232931526353	fc05f63801	4	0.82	116514.4
1	0	0.0	100000.0	4244	9003646	16463650232931526353	fc05f63801	3	0.84	116514.4
1	0	0.0	100000.0	4244	9003646	16463650232931526353	fc05f63801	2	0.82	116514.4
1	0	0.0	100000.0	4244	9003646	16463650232931526353	fc05f63801	1	0.82	116514.4
1	0	0.0	100000.0	4244	9003646	16463650232931526353	fc05f63801	0	0.82	116514.4
1	0	0.0	100000.0	4244	9003646	15998940543895305699	fc05f63801	4	0.82	119772.5
1	0	0.0	100000.0	4244	9003646	15998940543895305699	fc05f63801	3	0.81	119772.5
1	0	0.0	100000.0	4244	9003646	15998940543895305699	fc05f63801	2	0.82	119772.5
1	0	0.0	100000.0	4244	9003646	15998940543895305699	fc05f63801	1	0.84	119772.5
1	0	0.0	100000.0	4244	9003646	15998940543895305699	fc05f63801	0	0.84	119772.5
1	0	0.0	100000.0	4244	9003646	13214286813614948699	fc05f63801	4	0.84	120529.7
1	0	0.0	100000.0	4244	9003646	13214286813614948699	fc05f63801	3	0.84	120529.7
1	0	0.0	100000.0	4244	9003646	13214286813614948699	fc05f63801	2	0.82	120529.7
1	0	0.0	100000.0	4244	9003646	13214286813614948699	fc05f63801	1	0.84	120529.7
1	0	0.0	100000.0	4244	9003646	13214286813614948699	fc05f63801	0	0.86	120529.7
1	0	0.0	100000.0	4244	9003646	12655678373223007416	fc05f63801	4	0.82	120806.2
1	0	0.0	100000.0	4244	9003646	12655678373223007416	fc05f63801	3	0.84	120806.2
1	0	0.0	100000.0	4244	9003646	12655678373223007416	fc05f63801	2	0.81	120806.2
1	0	0.0	100000.0	4244	9003646	12655678373223007416	fc05f63801	1	0.83	120806.2
1	0	0.0	100000.0	4244	9003646	12655678373223007416	fc05f63801	0	0.83	120806.2
1	0	0.0	100000.0	4001	8002000	3223645154651109485	fc05f63801	4	0.72	118118.9
1	0	0.0	100000.0	4001	8002000	3223645154651109485	fc05f63801	3	0.72	118118.9
1	0	0.0	100000.0	4001	8002000	3223645154651109485	fc05f63801	2	0.74	118118.9
1	0	0.0	100000.0	4001	8002000	3223645154651109485	fc05f63801	1	0.72	118118.9
1	0	0.0	100000.0	4001	8002000	3223645154651109485	fc05f63801	0	0.70	118118.9
1	0	0.0	100000.0	4001	8002000	2718701008229212526	fc05f63801	4	0.73	120718.4
1	0	0.0	100000.0	4001	8002000	2718701008229212526	fc05f63801	3	0.74	120718.4
1	0	0.0	100000.0	4001	8002000	2718701008229212526	fc05f63801	2	0.74	120718.4
1	0	0.0	100000.0	4001	8002000	2718701008229212526	fc05f63801	1	0.77	120718.4
1	0	0.0	100000.0	4001	8002000	2718701008229212526	fc05f63801	0	0.73	120718.4
1	0	0.0	100000.0	4001	8002000	1701795900310665835	fc05f63801	4	0.72	118781.6
1	0	0.0	100000.0	4001	8002000	1701795900310665835	fc05f63801	3	0.72	118781.6
1	0	0.0	100000.0	4001	8002000	1701795900310665835	fc05f63801	2	0.72	118781.6
1	0	0.0	100000.0	4001	8002000	1701795900310665835	fc05f63801	1	0.75	118781.6
1	0	0.0	100000.0	4001	8002000	1701795900310665835	fc05f63801	0	0.71	118781.6
1	0	0.0	100000.0	4001	8002000	11634228235516935949	fc05f63801	4	0.72	119667.0
1	0	0.0	100000.0	4001	8002000	11634228235516935949	fc05f63801	3	0.72	119667.0
1	0	0.0	100000.0	4001	8002000	11634228235516935949	fc05f63801	2	0.71	119667.0
1	0	0.0	100000.0	4001	8002000	11634228235516935949	fc05f63801	1	0.72	119667.0
1	0	0.0	100000.0	4001	8002000	11634228235516935949	fc05f63801	0	0.72	119667.0
1	0	0.0	100000.0	4001	8002000	11122792305679349330	fc05f63801	4	0.73	119767.3
1	0	0.0	100000.0	4001	8002000	11122792305679349330	fc05f63801	3	0.73	119767.3
1	0	0.0	100000.0	4001	8002000	11122792305679349330	fc05f63801	2	0.72	119767.3
1	0	0.0	100000.0	4001	8002000	11122792305679349330	fc05f63801	1	0.74	119767.3
1	0	0.0	100000.0	4001	8002000	11122792305679349330	fc05f63801	0	0.71	119767.3
1	0	0.0	100000.0	4000	600000	5375802438930777180	fc05f63801	4	0.30	1610872.0
1	0	0.0	100000.0	4000	600000	5375802438930777180	fc05f63801	3	0.31	1610872.0
1	0	0.0	100000.0	4000	600000	5375802438930777180	fc05f63801	2	0.30	1610872.0
1	0	0.0	100000.0	4000	600000	5375802438930777180	fc05f63801	1	0.30	1610872.0
1	0	0.0	100000.0	4000	600000	5375802438930777180	fc05f63801	0	0.31	1610872.0
1	0	0.0	100000.0	4000	600000	18282404505898927552	fc05f63801	4	0.30	1594139.4
1	0	0.0	100000.0	4000	600000	18282404505898927552	fc05f63801	3	0.30	1594139.4
1	0	0.0	100000.0	4000	600000	18282404505898927552	fc05f63801	2	0.30	1594139.4
1	0	0.0	100000.0	4000	600000	18282404505898927552	fc05f63801	1	0.30	1594139.4
1	0	0.0	100000.0	4000	600000	18282404505898927552	fc05f63801	0	0.32	1594139.4
1	0	0.0	100000.0	4000	600000	16320061937582831419	fc05f63801	4	0.29	1578894.9
1	0	0.0	100000.0	4000	600000	16320061937582831419	fc05f63801	3	0.32	1578894.9
1	0	0.0	100000.0	4000	600000	16320061937582831419	fc05f63801	2	0.31	1578894.9
1	0	0.0	100000.0	4000	600000	16320061937582831419	fc05f63801	1	0.31	1578894.9
1	0	0.0	100000.0	4000	600000	16320061937582831419	fc05f63801	0	0.30	1578894.9
1	0	0.0	100000.0	4000	600000	16147720538079542666	fc05f63801	4	0.30	1577981.2
1	0	0.0	100000.0	4000	600000	16147720538079542666	fc05f63801	3	0.30	1577981.2
1	0	0.0	100000.0	4000	600000	16147720538079542666	fc05f63801	2	0.30	1577981.2
1	0	0.0	100000.0	4000	600000	16147720538079542666	fc05f63801	1	0.29	1577981.2
1	0	0.0	100000.0	4000	600000	16147720538079542666	fc05f63801	0	0.30	1577981.2
1	0	0.0	100000.0	4000	600000	15268828896274428944	fc05f63801	4	0.30	1577269.9
1	0	0.0	100000.0	4000	600000	15268828896274428944	fc05f63801	3	0.29	1577269.9
1	0	0.0	100000.0	4000	600000	15268828896274428944	fc05f63801	2	0.30	1577269.9
1	0	0.0	100000.0	4000	600000	15268828896274428944	fc05f63801	1	0.32	1577269.9
1	0	0.0	100000.0	4000	600000	15268828896274428944	fc05f63801	0	0.31	1577269.9
1	0	0.0	100000.0	4000	6000000	7931701955387166256	fc05f63801	4	0.68	163635.0
1	0	0.0	100000.0	4000	6000000	7931701955387166256	fc05f63801	3	0.66	163635.0
1	0	0.0	100000.0	4000	6000000	7931701955387166256	fc05f63801	2	0.66	163635.0
1	0	0.0	100000.0	4000	6000000	7931701955387166256	fc05f63801	1	0.68	163635.0
1	0	0.0	100000.0	4000	6000000	7931701955387166256	fc05f63801	0	0.67	163635.0
1	0	0.0	100000.0	4000	6000000	5152350791129473283	fc05f63801	4	0.69	160587.4
1	0	0.0	100000.0	4000	6000000	5152350791129473283	fc05f63801	3	0.67	160587.4
1	0	0.0	100000.0	4000	6000000	5152350791129473283	fc05f63801	2	0.69	160587.4
1	0	0.0	100000.0	4000	6000000	5152350791129473283	fc05f63801	1	0.68	160587.4
1	0	0.0	100000.0	4000	6000000	5152350791129473283	fc05f63801	0	0.67	160587.4
1	0	0.0	100000.0	4000	6000000	4180534009300354281	fc05f63801	4	0.68	156477.1
1	0	0.0	100000.0	4000	6000000	4180534009300354281	fc05f63801	3	0.68	156477.1
1	0	0.0	100000.0	4000	6000000	4180534009300354281	fc05f63801	2	0.67	156477.1
1	0	0.0	100000.0	4000	6000000	4180534009300354281	fc05f63801	1	0.68	156477.1
1	0	0.0	100000.0	4000	6000000	4180534009300354281	fc05f63801	0	0.67	156477.1
1	0	0.0	100000.0	4000	6000000	2057363788665043824	fc05f63801	4	0.68	160524.6
1	0	0.0	100000.0	4000	6000000	2057363788665043824	fc05f63801	3	0.67	160524.6
1	0	0.0	100000.0	4000	6000000	2057363788665043824	fc05f63801	2	0.66	160524.6
1	0	0.0	100000.0	4000	6000000	2057363788665043824	fc05f63801	1	0.69	160524.6
1	0	0.0	100000.0	4000	6000000	2057363788665043824	fc05f63801	0	0.67	160524.6
1	0	0.0	100000.0	4000	6000000	15202720149499372925	fc05f63801	4	0.66	159407.4
1	0	0.0	100000.0	4000	6000000	15202720149499372925	fc05f63801	3	0.66	159407.4
1	0	0.0	100000.0	4000	6000000	15202720149499372925	fc05f63801	2	0.67	159407.4
1	0	0.0	100000.0	4000	6000000	15202720149499372925	fc05f63801	1	0.67	159407.4
1	0	0.0	100000.0	4000	6000000	15202720149499372925	fc05f63801	0	0.67	159407.4
1	0	0.0	100000.0	4000	200000	18106394839882759425	fc05f63801	4	0.26	4842388.0
1	0	0.0	100000.0	4000	200000	18106394839882759425	fc05f63801	3	0.27	4842388.0
1	0	0.0	100000.0	4000	200000	18106394839882759425	fc05f63801	2	0.26	4842388.0
1	0	0.0	100000.0	4000	200000	18106394839882759425	fc05f63801	1	0.28	4842388.0
1	0	0.0	100000.0	4000	200000	18106394839882759425	fc05f63801	0	0.26	4842388.0
1	0	0.0	100000.0	4000	200000	13540985252540778902	fc05f63801	4	0.29	4697766.5
1	0	0.0	100000.0	4000	200000	13540985252540778902	fc05f63801	3	0.29	4697766.5
1	0	0.0	100000.0	4000	200000	13540985252540778902	fc05f63801	2	0.28	4697766.5
1	0	0.0	100000.0	4000	200000	13540985252540778902	fc05f63801	1	0.26	4697766.5
1	0	0.0	100000.0	4000	200000	13540985252540778902	fc05f63801	0	0.27	4697766.5
1	0	0.0	100000.0	4000	200000	11991024900234488292	fc05f63801	4	0.28	4758265.5
1	0	0.0	100000.0	4000	200000	11991024900234488292	fc05f63801	3	0.28	4758265.5
1	0	0.0	100000.0	4000	200000	11991024900234488292	fc05f63801	2	0.28	4758265.5
1	0	0.0	100000.0	4000	200000	11991024900234488292	fc05f63801	1	0.28	4758265.5
1	0	0.0	100000.0	4000	200000	11991024900234488292	fc05f63801	0	0.28	4758265.5
1	0	0.0	100000.0	4000	200000	11077890036018704681	fc05f63801	4	0.28	4816433.5
1	0	0.0	100000.0	4000	200000	11077890036018704681	fc05f63801	3	0.28	4816433.5
1	0	0.0	100000.0	4000	200000	11077890036018704681	fc05f63801	2	0.28	4816433.5
1	0	0.0	100000.0	4000	200000	11077890036018704681	fc05f63801	1	0.29	4816433.5
1	0	0.0	100000.0	4000	200000	11077890036018704681	fc05f63801	0	0.28	4816433.5
1	0	0.0	100000.0	4000	200000	10869825307550600910	fc05f63801	4	0.26	4927353.0
1	0	0.0	100000.0	4000	200000	10869825307550600910	fc05f63801	3	0.26	4927353.0
1	0	0.0	100000.0	4000	200000	10869825307550600910	fc05f63801	2	0.27	4927353.0
1	0	0.0	100000.0	4000	200000	10869825307550600910	fc05f63801	1	0.27	4927353.0
1	0	0.0	100000.0	4000	200000	10869825307550600910	fc05f63801	0	0.27	4927353.0
1	0	0.0	100000.0	3743	7003153	9477885521745518800	fc05f63801	4	0.62	120473.5
1	0	0.0	100000.0	3743	7003153	9477885521745518800	fc05f63801	3	0.62	120473.5
1	0	0.0	100000.0	3743	7003153	9477885521745518800	fc05f63801	2	0.63	120473.5
1	0	0.0	100000.0	3743	7003153	9477885521745518800	fc05f63801	1	0.62	120473.5
1	0	0.0	100000.0	3743	7003153	9477885521745518800	fc05f63801	0	0.62	120473.5
1	0	0.0	100000.0	3743	7003153	7682333320494970019	fc05f63801	4	0.64	118026.1
1	0	0.0	100000.0	3743	7003153	7682333320494970019	fc05f63801	3	0.61	118026.1
1	0	0.0	100000.0	3743	7003153	7682333320494970019	fc05f63801	2	0.62	118026.1
1	0	0.0	100000.0	3743	7003153	7682333320494970019	fc05f63801	1	0.62	118026.1
1	0	0.0	100000.0	3743	7003153	7682333320494970019	fc05f63801	0	0.65	118026.1
1	0	0.0	100000.0	3743	7003153	4684472150068736461	fc05f63801	4	0.62	119643.2
1	0	0.0	100000.0	3743	7003153	4684472150068736461	fc05f63801	3	0.64	119643.2
1	0	0.0	100000.0	3743	7003153	4684472150068736461	fc05f63801	2	0.63	119643.2
1	0	0.0	100000.0	3743	7003153	4684472150068736461	fc05f63801	1	0.63	119643.2
1	0	0.0	100000.0	3743	7003153	4684472150068736461	fc05f63801	0	0.64	119643.2
1	0	0.0	100000.0	3743	7003153	2050842182995461247	fc05f63801	4	0.61	121618.8
1	0	0.0	100000.0	3743	7003153	2050842182995461247	fc05f63801	3	0.61	121618.8
1	0	0.0	100000.0	3743	7003153	2050842182995461247	fc05f63801	2	0.60	121618.8
1	0	0.0	100000.0	3743	7003153	2050842182995461247	fc05f63801	1	0.64	121618.8
1	0	0.0	100000.0	3743	7003153	2050842182995461247	fc05f63801	0	0.61	121618.8
1	0	0.0	100000.0	3743	7003153	170165285102594907	fc05f63801	4	0.62	120127.3
1	0	0.0	100000.0	3743	7003153	170165285102594907	fc05f63801	3	0.62	120127.3
1	0	0.0	100000.0	3743	7003153	170165285102594907	fc05f63801	2	0.63	120127.3
1	0	0.0	100000.0	3743	7003153	170165285102594907	fc05f63801	1	0.62	120127.3
1	0	0.0	100000.0	3743	7003153	170165285102594907	fc05f63801	0	0.63	120127.3
1	0	0.0	100000.0	3465	6001380	17359839261733334254	fc05f63801	4	0.53	119319.8
1	0	0.0	100000.0	3465	6001380	17359839261733334254	fc05f63801	3	0.55	119319.8
1	0	0.0	100000.0	3465	6001380	17359839261733334254	fc05f63801	2	0.54	119319.8
1	0	0.0	100000.0	3465	6001380	17359839261733334254	fc05f63801	1	0.53	119319.8
1	0	0.0	100000.0	3465	6001380	17359839261733334254	fc05f63801	0	0.55	119319.8
1	0	0.0	100000.0	3465	6001380	16403722633512254460	fc05f63801	4	0.53	120678.4
1	0	0.0	100000.0	3465	6001380	16403722633512254460	fc05f63801	3	0.53	120678.4
1	0	0.0	100000.0	3465	6001380	16403722633512254460	fc05f63801	2	0.53	120678.4
1	0	0.0	100000.0	3465	6001380	16403722633512254460	fc05f63801	1	0.52	120678.4
1	0	0.0	100000.0	3465	6001380	16403722633512254460	fc05f63801	0	0.53	120678.4
1	0	0.0	100000.0	3465	6001380	1493275470300733002	fc05f63801	4	0.53	121553.8
1	0	0.0	100000.0	3465	6001380	1493275470300733002	fc05f63801	3	0.53	121553.8
1	0	0.0	100000.0	3465	6001380	1493275470300733002	fc05f63801	2	0.54	121553.8
1	0	0.0	100000.0	3465	6001380	1493275470300733002	fc05f63801	1	0.54	121553.8
1	0	0.0	100000.0	3465	6001380	1493275470300733002	fc05f63801	0	0.51	121553.8
1	0	0.0	100000.0	3465	6001380	13625375710347212114	fc05f63801	4	0.52	120724.9
1	0	0.0	100000.0	3465	6001380	13625375710347212114	fc05f63801	3	0.52	120724.9
1	0	0.0	100000.0	3465	6001380	13625375710347212114	fc05f63801	2	0.52	120724.9
1	0	0.0	100000.0	3465	6001380	13625375710347212114	fc05f63801	1	0.54	120724.9
1	0	0.0	100000.0	3465	6001380	13625375710347212114	fc05f63801	0	0.52	120724.9
1	0	0.0	100000.0	3465	6001380	12974659926875519404	fc05f63801	4	0.54	120884.6
1	0	0.0	100000.0	3465	6001380	12974659926875519404	fc05f63801	3	0.52	120884.6
1	0	0.0	100000.0	3465	6001380	12974659926875519404	fc05f63801	2	0.54	120884.6
1	0	0.0	100000.0	3465	6001380	12974659926875519404	fc05f63801	1	0.53	120884.6
1	0	0.0	100000.0	3465	6001380	12974659926875519404	fc05f63801	0	0.56	120884.6
1	0	0.0	100000.0	3333	500000	17477887803100758065	fc05f63801	4	0.21	1301887.9
1	0	0.0	100000.0	3333	500000	17477887803100758065	fc05f63801	3	0.22	1301887.9
1	0	0.0	100000.0	3333	500000	17477887803100758065	fc05f63801	2	0.21	1301887.9
1	0	0.0	100000.0	3333	500000	17477887803100758065	fc05f63801	1	0.20	1301887.9
1	0	0.0	100000.0	3333	500000	17477887803100758065	fc05f63801	0	0.20	1301887.9
1	0	0.0	100000.0	3333	500000	16398843257215291551	fc05f63801	4	0.20	1349516.6
1	0	0.0	100000.0	3333	500000	16398843257215291551	fc05f63801	3	0.20	1349516.6
1	0	0.0	100000.0	3333	500000	16398843257215291551	fc05f63801	2	0.20	1349516.6
1	0	0.0	100000.0	3333	500000	16398843257215291551	fc05f63801	1	0.20	1349516.6
1	0	0.0	100000.0	3333	500000	16398843257215291551	fc05f63801	0	0.20	1349516.6
1	0	0.0	100000.0	3333	500000	16229314348623742586	fc05f63801	4	0.21	1355360.1
1	0	0.0	100000.0	3333	500000	16229314348623742586	fc05f63801	3	0.21	1355360.1
1	0	0.0	100000.0	3333	500000	16229314348623742586	fc05f63801	2	0.20	1355360.1
1	0	0.0	100000.0	3333	500000	16229314348623742586	fc05f63801	1	0.21	1355360.1
1	0	0.0	100000.0	3333	500000	16229314348623742586	fc05f63801	0	0.22	1355360.1
1	0	0.0	100000.0	3333	500000	15255451044240685586	fc05f63801	4	0.20	1333551.0
1	0	0.0	100000.0	3333	500000	15255451044240685586	fc05f63801	3	0.20	1333551.0
1	0	0.0	100000.0	3333	500000	15255451044240685586	fc05f63801	2	0.20	1333551.0
1	0	0.0	100000.0	3333	500000	15255451044240685586	fc05f63801	1	0.21	1333551.0
1	0	0.0	100000.0	3333	500000	15255451044240685586	fc05f63801	0	0.19	1333551.0
1	0	0.0	100000.0	3333	500000	10009432958450807629	fc05f63801	4	0.21	1328776.9
1	0	0.0	100000.0	3333	500000	10009432958450807629	fc05f63801	3	0.21	1328776.9
1	0	0.0	100000.0	3333	500000	10009432958450807629	fc05f63801	2	0.20	1328776.9
1	0	0.0	100000.0	3333	500000	10009432958450807629	fc05f63801	1	0.20	1328776.9
1	0	0.0	100000.0	3333	500000	10009432958450807629	fc05f63801	0	0.20	1328776.9
1	0	0.0	100000.0	3333	5000000	5812500445600846268	fc05f63801	4	0.51	131445.4
1	0	0.0	100000.0	3333	5000000	5812500445600846268	fc05f63801	3	0.52	131445.4
1	0	0.0	100000.0	3333	5000000	5812500445600846268	fc05f63801	2	0.52	131445.4
1	0	0.0	100000.0	3333	5000000	5812500445600846268	fc05f63801	1	0.51	131445.4
1	0	0.0	100000.0	3333	5000000	5812500445600846268	fc05f63801	0	0.50	131445.4
1	0	0.0	100000.0	3333	5000000	435959253947713908	fc05f63801	4	0.52	132165.9
1	0	0.0	100000.0	3333	5000000	435959253947713908	fc05f63801	3	0.51	132165.9
1	0	0.0	100000.0	3333	5000000	435959253947713908	fc05f63801	2	0.51	132165.9
1	0	0.0	100000.0	3333	5000000	435959253947713908	fc05f63801	1	0.53	132165.9
1	0	0.0	100000.0	3333	5000000	435959253947713908	fc05f63801	0	0.52	132165.9
1	0	0.0	100000.0	3333	5000000	16531756506665020648	fc05f63801	4	0.51	127145.1
1	0	0.0	100000.0	3333	5000000	16531756506665020648	fc05f63801	3	0.52	127145.1
1	0	0.0	100000.0	3333	5000000	16531756506665020648	fc05f63801	2	0.50	127145.1
1	0	0.0	100000.0	3333	5000000	16531756506665020648	fc05f63801	1	0.50	127145.1
1	0	0.0	100000.0	3333	5000000	16531756506665020648	fc05f63801	0	0.62	127145.1
1	0	0.0	100000.0	3333	5000000	11943044077687329754	fc05f63801	4	0.52	134480.5
1	0	0.0	100000.0	3333	5000000	11943044077687329754	fc05f63801	3	0.52	134480.5
1	0	0.0	100000.0	3333	5000000	11943044077687329754	fc05f63801	2	0.51	134480.5
1	0	0.0	100000.0	3333	5000000	11943044077687329754	fc05f63801	1	0.63	134480.5
1	0	0.0	100000.0	3333	5000000	11943044077687329754	fc05f63801	0	0.52	134480.5
1	0	0.0	100000.0	3333	5000000	10987069171828141427	fc05f63801	4	0.52	134328.2
1	0	0.0	100000.0	3333	5000000	10987069171828141427	fc05f63801	3	0.51	134328.2
1	0	0.0	100000.0	3333	5000000	10987069171828141427	fc05f63801	2	0.52	134328.2
1	0	0.0	100000.0	3333	5000000	10987069171828141427	fc05f63801	1	0.50	134328.2
1	0	0.0	100000.0	3333	5000000	10987069171828141427	fc05f63801	0	0.52	134328.2
1	0	0.0	100000.0	3163	5000703	245835143826134922	fc05f63801	4	0.43	117796.4
1	0	0.0	100000.0	3163	5000703	245835143826134922	fc05f63801	3	0.47	117796.4
1	0	0.0	100000.0	3163	5000703	245835143826134922	fc05f63801	2	0.45	117796.4
1	0	0.0	100000.0	3163	5000703	245835143826134922	fc05f63801	1	0.44	117796.4
1	0	0.0	100000.0	3163	5000703	245835143826134922	fc05f63801	0	0.42	117796.4
1	0	0.0	100000.0	3163	5000703	14477777198307044027	fc05f63801	4	0.44	120794.1
1	0	0.0	100000.0	3163	5000703	14477777198307044027	fc05f63801	3	0.43	120794.1
1	0	0.0	100000.0	3163	5000703	14477777198307044027	fc05f63801	2	0.43	120794.1
1	0	0.0	100000.0	3163	5000703	14477777198307044027	fc05f63801	1	0.44	120794.1
1	0	0.0	100000.0	3163	5000703	14477777198307044027	fc05f63801	0	0.44	120794.1
1	0	0.0	100000.0	3163	5000703	12893462876982401791	fc05f63801	4	0.41	119481.0
1	0	0.0	100000.0	3163	5000703	12893462876982401791	fc05f63801	3	0.43	119481.0
1	0	0.0	100000.0	3163	5000703	12893462876982401791	fc05f63801	2	0.44	119481.0
1	0	0.0	100000.0	3163	5000703	12893462876982401791	fc05f63801	1	0.43	119481.0
1	0	0.0	100000.0	3163	5000703	12893462876982401791	fc05f63801	0	0.43	119481.0
1	0	0.0	100000.0	3163	5000703	11897531482854741665	fc05f63801	4	0.42	124337.1
1	0	0.0	100000.0	3163	5000703	11897531482854741665	fc05f63801	3	0.42	124337.1
1	0	0.0	100000.0	3163	5000703	11897531482854741665	fc05f63801	2	0.43	124337.1
1	0	0.0	100000.0	3163	5000703	11897531482854741665	fc05f63801	1	0.44	124337.1
1	0	0.0	100000.0	3163	5000703	11897531482854741665	fc05f63801	0	0.45	124337.1
1	0	0.0	100000.0	3163	5000703	11806223055246889292	fc05f63801	4	0.43	116937.8
1	0	0.0	100000.0	3163	5000703	11806223055246889292	fc05f63801	3	0.44	116937.8
1	0	0.0	100000.0	3163	5000703	11806223055246889292	fc05f63801	2	0.42	116937.8
1	0	0.0	100000.0	3163	5000703	11806223055246889292	fc05f63801	1	0.44	116937.8
1	0	0.0	100000.0	3163	5000703	11806223055246889292	fc05f63801	0	0.42	116937.8
1	0	0.0	100000.0	2829	4000206	7319848834541159983	fc05f63801	4	0.33	123048.0
1	0	0.0	100000.0	2829	4000206	7319848834541159983	fc05f63801	3	0.32	123048.0
1	0	0.0	100000.0	2829	4000206	7319848834541159983	fc05f63801	2	0.34	123048.0
1	0	0.0	100000.0	2829	4000206	7319848834541159983	fc05f63801	1	0.34	123048.0
1	0	0.0	100000.0	2829	4000206	7319848834541159983	fc05f63801	0	0.33	123048.0
1	0	0.0	100000.0	2829	4000206	4410509844383751366	fc05f63801	4	0.34	116211.1
1	0	0.0	100000.0	2829	4000206	4410509844383751366	fc05f63801	3	0.33	116211.1
1	0	0.0	100000.0	2829	4000206	4410509844383751366	fc05f63801	2	0.34	116211.1
1	0	0.0	100000.0	2829	4000206	4410509844383751366	fc05f63801	1	0.32	116211.1
1	0	0.0	100000.0	2829	4000206	4410509844383751366	fc05f63801	0	0.34	116211.1
1	0	0.0	100000.0	2829	4000206	4326951196436817237	fc05f63801	4	0.34	121702.3
1	0	0.0	100000.0	2829	4000206	4326951196436817237	fc05f63801	3	0.34	121702.3
1	0	0.0	100000.0	2829	4000206	4326951196436817237	fc05f63801	2	0.34	121702.3
1	0	0.0	100000.0	2829	4000206	4326951196436817237	fc05f63801	1	0.33	121702.3
1	0	0.0	100000.0	2829	4000206	4326951196436817237	fc05f63801	0	0.34	121702.3
1	0	0.0	100000.0	2829	4000206	10818148971009343199	fc05f63801	4	0.32	123159.7
1	0	0.0	100000.0	2829	4000206	10818148971009343199	fc05f63801	3	0.34	123159.7
1	0	0.0	100000.0	2829	4000206	10818148971009343199	fc05f63801	2	0.34	123159.7
1	0	0.0	100000.0	2829	4000206	10818148971009343199	fc05f63801	1	0.34	123159.7
1	0	0.0	100000.0	2829	4000206	10818148971009343199	fc05f63801	0	0.35	123159.7
1	0	0.0	100000.0	2829	4000206	10091966515576959847	fc05f63801	4	0.34	120825.7
1	0	0.0	100000.0	2829	4000206	10091966515576959847	fc05f63801	3	0.35	120825.7
1	0	0.0	100000.0	2829	4000206	10091966515576959847	fc05f63801	2	0.33	120825.7
1	0	0.0	100000.0	2829	4000206	10091966515576959847	fc05f63801	1	0.35	120825.7
1	0	0.0	100000.0	2829	4000206	10091966515576959847	fc05f63801	0	0.36	120825.7
1	0	0.0	100000.0	2666	400000	2530714858503171118	fc05f63801	4	0.12	1077877.2
1	0	0.0	100000.0	2666	400000	2530714858503171118	fc05f63801	3	0.12	1077877.2
1	0	0.0	100000.0	2666	400000	2530714858503171118	fc05f63801	2	0.12	1077877.2
1	0	0.0	100000.0	2666	400000	2530714858503171118	fc05f63801	1	0.12	1077877.2
1	0	0.0	100000.0	2666	400000	2530714858503171118	fc05f63801	0	0.12	1077877.2
1	0	0.0	100000.0	2666	400000	16940926852185232446	fc05f63801	4	0.12	1063806.9
1	0	0.0	100000.0	2666	400000	16940926852185232446	fc05f63801	3	0.12	1063806.9
1	0	0.0	100000.0	2666	400000	16940926852185232446	fc05f63801	2	0.12	1063806.9
1	0	0.0	100000.0	2666	400000	16940926852185232446	fc05f63801	1	0.12	1063806.9
1	0	0.0	100000.0	2666	400000	16940926852185232446	fc05f63801	0	0.12	1063806.9
1	0	0.0	100000.0	2666	400000	14341520117430732149	fc05f63801	4	0.12	1108100.4
1	0	0.0	100000.0	2666	400000	14341520117430732149	fc05f63801	3	0.12	1108100.4
1	0	0.0	100000.0	2666	400000	14341520117430732149	fc05f63801	2	0.14	1108100.4
1	0	0.0	100000.0	2666	400000	14341520117430732149	fc05f63801	1	0.15	1108100.4
1	0	0.0	100000.0	2666	400000	14341520117430732149	fc05f63801	0	0.12	1108100.4
1	0	0.0	100000.0	2666	400000	14231381106369773464	fc05f63801	4	0.12	1071559.0
1	0	0.0	100000.0	2666	400000	14231381106369773464	fc05f63801	3	0.12	1071559.0
1	0	0.0	100000.0	2666	400000	14231381106369773464	fc05f63801	2	0.14	1071559.0
1	0	0.0	100000.0	2666	400000	14231381106369773464	fc05f63801	1	0.12	1071559.0
1	0	0.0	100000.0	2666	400000	14231381106369773464	fc05f63801	0	0.12	1071559.0
1	0	0.0	100000.0	2666	400000	11291881228089057197	fc05f63801	4	0.12	1067926.6
1	0	0.0	100000.0	2666	400000	11291881228089057197	fc05f63801	3	0.12	1067926.6
1	0	0.0	100000.0	2666	400000	11291881228089057197	fc05f63801	2	0.12	1067926.6
1	0	0.0	100000.0	2666	400000	11291881228089057197	fc05f63801	1	0.12	1067926.6
1	0	0.0	100000.0	2666	400000	11291881228089057197	fc05f63801	0	0.13	1067926.6
1	0	0.0	100000.0	2450	3000025	8301602438267298438	fc05f63801	4	0.24	115762.2
1	0	0.0	100000.0	2450	3000025	8301602438267298438	fc05f63801	3	0.24	115762.2
1	0	0.0	100000.0	2450	3000025	8301602438267298438	fc05f63801	2	0.23	115762.2
1	0	0.0	100000.0	2450	3000025	8301602438267298438	fc05f63801	1	0.23	115762.2
1	0	0.0	100000.0	2450	3000025	8301602438267298438	fc05f63801	0	0.26	115762.2
1	0	0.0	100000.0	2450	3000025	6684255214357845379	fc05f63801	4	0.25	123509.3
1	0	0.0	100000.0	2450	3000025	6684255214357845379	fc05f63801	3	0.24	123509.3
1	0	0.0	100000.0	2450	3000025	6684255214357845379	fc05f63801	2	0.24	123509.3
1	0	0.0	100000.0	2450	3000025	6684255214357845379	fc05f63801	1	0.22	123509.3
1	0	0.0	100000.0	2450	3000025	6684255214357845379	fc05f63801	0	0.24	123509.3
1	0	0.0	100000.0	2450	3000025	5038925763058432905	fc05f63801	4	0.24	118577.1
1	0	0.0	100000.0	2450	3000025	5038925763058432905	fc05f63801	3	0.24	118577.1
1	0	0.0	100000.0	2450	3000025	5038925763058432905	fc05f63801	2	0.24	118577.1
1	0	0.0	100000.0	2450	3000025	5038925763058432905	fc05f63801	1	0.25	118577.1
1	0	0.0	100000.0	2450	3000025	5038925763058432905	fc05f63801	0	0.25	118577.1
1	0	0.0	100000.0	2450	3000025	4875142143772139927	fc05f63801	4	0.23	123426.3
1	0	0.0	100000.0	2450	3000025	4875142143772139927	fc05f63801	3	0.25	123426.3
1	0	0.0	100000.0	2450	3000025	4875142143772139927	fc05f63801	2	0.24	123426.3
1	0	0.0	100000.0	2450	3000025	4875142143772139927	fc05f63801	1	0.23	123426.3
1	0	0.0	100000.0	2450	3000025	4875142143772139927	fc05f63801	0	0.23	123426.3
1	0	0.0	100000.0	2450	3000025	14589370501365009837	fc05f63801	4	0.24	122076.8
1	0	0.0	100000.0	2450	3000025	14589370501365009837	fc05f63801	3	0.24	122076.8
1	0	0.0	100000.0	2450	3000025	14589370501365009837	fc05f63801	2	0.24	122076.8
1	0	0.0	100000.0	2450	3000025	14589370501365009837	fc05f63801	1	0.23	122076.8
1	0	0.0	100000.0	2450	3000025	14589370501365009837	fc05f63801	0	0.24	122076.8
1	0	0.0	100000.0	2001	2001000	8731936605523488160	fc05f63801	4	0.16	117768.4
1	0	0.0	100000.0	2001	2001000	8731936605523488160	fc05f63801	3	0.14	117768.4
1	0	0.0	100000.0	2001	2001000	8731936605523488160	fc05f63801	2	0.16	117768.4
1	0	0.0	100000.0	2001	2001000	8731936605523488160	fc05f63801	1	0.15	117768.4
1	0	0.0	100000.0	2001	2001000	8731936605523488160	fc05f63801	0	0.15	117768.4
1	0	0.0	100000.0	2001	2001000	3231035565518802519	fc05f63801	4	0.14	125512.9
1	0	0.0	100000.0	2001	2001000	3231035565518802519	fc05f63801	3	0.14	125512.9
1	0	0.0	100000.0	2001	2001000	3231035565518802519	fc05f63801	2	0.15	125512.9
1	0	0.0	100000.0	2001	2001000	3231035565518802519	fc05f63801	1	0.15	125512.9
1	0	0.0	100000.0	2001	2001000	3231035565518802519	fc05f63801	0	0.14	125512.9
1	0	0.0	100000.0	2001	2001000	3162864466290772742	fc05f63801	4	0.15	119164.7
1	0	0.0	100000.0	2001	2001000	3162864466290772742	fc05f63801	3	0.16	119164.7
1	0	0.0	100000.0	2001	2001000	3162864466290772742	fc05f63801	2	0.16	119164.7
1	0	0.0	100000.0	2001	2001000	3162864466290772742	fc05f63801	1	0.15	119164.7
1	0	0.0	100000.0	2001	2001000	3162864466290772742	fc05f63801	0	0.14	119164.7
1	0	0.0	100000.0	2001	2001000	12552678760509397671	fc05f63801	4	0.15	121002.2
1	0	0.0	100000.0	2001	2001000	12552678760509397671	fc05f63801	3	0.14	121002.2
1	0	0.0	100000.0	2001	2001000	12552678760509397671	fc05f63801	2	0.15	121002.2
1	0	0.0	100000.0	2001	2001000	12552678760509397671	fc05f63801	1	0.14	121002.2
1	0	0.0	100000.0	2001	2001000	12552678760509397671	fc05f63801	0	0.15	121002.2
1	0	0.0	100000.0	2001	2001000	11020991984099712910	fc05f63801	4	0.14	119066.5
1	0	0.0	100000.0	2001	2001000	11020991984099712910	fc05f63801	3	0.16	119066.5
1	0	0.0	100000.0	2001	2001000	11020991984099712910	fc05f63801	2	0.15	119066.5
1	0	0.0	100000.0	2001	2001000	11020991984099712910	fc05f63801	1	0.14	119066.5
1	0	0.0	100000.0	2001	2001000	11020991984099712910	fc05f63801	0	0.15	119066.5
1	0	0.0	100000.0	2000	300000	4587456441655467897	fc05f63801	4	0.06	778098.3
1	0	0.0	100000.0	2000	300000	4587456441655467897	fc05f63801	3	0.06	778098.3
1	0	0.0	100000.0	2000	300000	4587456441655467897	fc05f63801	2	0.06	778098.3
1	0	0.0	100000.0	2000	300000	4587456441655467897	fc05f63801	1	0.05	778098.3
1	0	0.0	100000.0	2000	300000	4587456441655467897	fc05f63801	0	0.06	778098.3
1	0	0.0	100000.0	2000	300000	17153350933148537850	fc05f63801	4	0.06	789549.1
1	0	0.0	100000.0	2000	300000	17153350933148537850	fc05f63801	3	0.06	789549.1
1	0	0.0	100000.0	2000	300000	17153350933148537850	fc05f63801	2	0.06	789549.1
1	0	0.0	100000.0	2000	300000	17153350933148537850	fc05f63801	1	0.06	789549.1
1	0	0.0	100000.0	2000	300000	17153350933148537850	fc05f63801	0	0.06	789549.1
1	0	0.0	100000.0	2000	300000	15673353246080233962	fc05f63801	4	0.06	836550.7
1	0	0.0	100000.0	2000	300000	15673353246080233962	fc05f63801	3	0.06	836550.7
1	0	0.0	100000.0	2000	300000	15673353246080233962	fc05f63801	2	0.06	836550.7
1	0	0.0	100000.0	2000	300000	15673353246080233962	fc05f63801	1	0.06	836550.7
1	0	0.0	100000.0	2000	300000	15673353246080233962	fc05f63801	0	0.06	836550.7
1	0	0.0	100000.0	2000	300000	11767182153102272721	fc05f63801	4	0.06	821865.1
1	0	0.0	100000.0	2000	300000	11767182153102272721	fc05f63801	3	0.06	821865.1
1	0	0.0	100000.0	2000	300000	11767182153102272721	fc05f63801	2	0.07	821865.1
1	0	0.0	100000.0	2000	300000	11767182153102272721	fc05f63801	1	0.06	821865.1
1	0	0.0	100000.0	2000	300000	11767182153102272721	fc05f63801	0	0.06	821865.1
1	0	0.0	100000.0	2000	300000	10919339539672066803	fc05f63801	4	0.06	792063.3
1	0	0.0	100000.0	2000	300000	10919339539672066803	fc05f63801	3	0.06	792063.3
1	0	0.0	100000.0	2000	300000	10919339539672066803	fc05f63801	2	0.06	792063.3
1	0	0.0	100000.0	2000	300000	10919339539672066803	fc05f63801	1	0.05	792063.3
1	0	0.0	100000.0	2000	300000	10919339539672066803	fc05f63801	0	0.06	792063.3
1	0	0.0	100000.0	2000	100000	8728428080453687708	fc05f63801	4	0.06	2422308.0
1	0	0.0	100000.0	2000	100000	8728428080453687708	fc05f63801	3	0.05	2422308.0
1	0	0.0	100000.0	2000	100000	8728428080453687708	fc05f63801	2	0.04	2422308.0
1	0	0.0	100000.0	2000	100000	8728428080453687708	fc05f63801	1	0.04	2422308.0
1	0	0.0	100000.0	2000	100000	8728428080453687708	fc05f63801	0	0.04	2422308.0
1	0	0.0	100000.0	2000	100000	7860122966812489556	fc05f63801	4	0.04	2347290.5
1	0	0.0	100000.0	2000	100000	7860122966812489556	fc05f63801	3	0.04	2347290.5
1	0	0.0	100000.0	2000	100000	7860122966812489556	fc05f63801	2	0.04	2347290.5
1	0	0.0	100000.0	2000	100000	7860122966812489556	fc05f63801	1	0.04	2347290.5
1	0	0.0	100000.0	2000	100000	7860122966812489556	fc05f63801	0	0.04	2347290.5
1	0	0.0	100000.0	2000	100000	18079955869049009828	fc05f63801	4	0.05	2343217.2
1	0	0.0	100000.0	2000	100000	18079955869049009828	fc05f63801	3	0.04	2343217.2
1	0	0.0	100000.0	2000	100000	18079955869049009828	fc05f63801	2	0.04	2343217.2
1	0	0.0	100000.0	2000	100000	18079955869049009828	fc05f63801	1	0.04	2343217.2
1	0	0.0	100000.0	2000	100000	18079955869049009828	fc05f63801	0	0.05	2343217.2
1	0	0.0	100000.0	2000	100000	1515338098219444617	fc05f63801	4	0.04	2420938.5
1	0	0.0	100000.0	2000	100000	1515338098219444617	fc05f63801	3	0.05	2420938.5
1	0	0.0	100000.0	2000	100000	1515338098219444617	fc05f63801	2	0.05	2420938.5
1	0	0.0	100000.0	2000	100000	1515338098219444617	fc05f63801	1	0.04	2420938.5
1	0	0.0	100000.0	2000	100000	1515338098219444617	fc05f63801	0	0.04	2420938.5
1	0	0.0	100000.0	2000	100000	10548967994660097113	fc05f63801	4	0.04	2473204.8
1	0	0.0	100000.0	2000	100000	10548967994660097113	fc05f63801	3	0.04	2473204.8
1	0	0.0	100000.0	2000	100000	10548967994660097113	fc05f63801	2	0.05	2473204.8
1	0	0.0	100000.0	2000	100000	10548967994660097113	fc05f63801	1	0.04	2473204.8
1	0	0.0	100000.0	2000	100000	10548967994660097113	fc05f63801	0	0.05	2473204.8
1	0	0.0	100000.0	1415	1000405	8217808146263544568	fc05f63801	4	0.06	115945.8
1	0	0.0	100000.0	1415	1000405	8217808146263544568	fc05f63801	3	0.06	115945.8
1	0	0.0	100000.0	1415	1000405	8217808146263544568	fc05f63801	2	0.06	115945.8
1	0	0.0	100000.0	1415	1000405	8217808146263544568	fc05f63801	1	0.06	115945.8
1	0	0.0	100000.0	1415	1000405	8217808146263544568	fc05f63801	0	0.07	115945.8
1	0	0.0	100000.0	1415	1000405	8148477844915561703	fc05f63801	4	0.06	120675.5
1	0	0.0	100000.0	1415	1000405	8148477844915561703	fc05f63801	3	0.07	120675.5
1	0	0.0	100000.0	1415	1000405	8148477844915561703	fc05f63801	2	0.07	120675.5
1	0	0.0	100000.0	1415	1000405	8148477844915561703	fc05f63801	1	0.06	120675.5
1	0	0.0	100000.0	1415	1000405	8148477844915561703	fc05f63801	0	0.06	120675.5
1	0	0.0	100000.0	1415	1000405	16964362972906869774	fc05f63801	4	0.07	122431.8
1	0	0.0	100000.0	1415	1000405	16964362972906869774	fc05f63801	3	0.06	122431.8
1	0	0.0	100000.0	1415	1000405	16964362972906869774	fc05f63801	2	0.06	122431.8
1	0	0.0	100000.0	1415	1000405	16964362972906869774	fc05f63801	1	0.07	122431.8
1	0	0.0	100000.0	1415	1000405	16964362972906869774	fc05f63801	0	0.06	122431.8
1	0	0.0	100000.0	1415	1000405	12528062191820092552	fc05f63801	4	0.07	118319.3
1	0	0.0	100000.0	1415	1000405	12528062191820092552	fc05f63801	3	0.07	118319.3
1	0	0.0	100000.0	1415	1000405	12528062191820092552	fc05f63801	2	0.06	118319.3
1	0	0.0	100000.0	1415	1000405	12528062191820092552	fc05f63801	1	0.06	118319.3
1	0	0.0	100000.0	1415	1000405	12528062191820092552	fc05f63801	0	0.06	118319.3
1	0	0.0	100000.0	1415	1000405	11055297663285745456	fc05f63801	4	0.06	118286.4
1	0	0.0	100000.0	1415	1000405	11055297663285745456	fc05f63801	3	0.06	118286.4
1	0	0.0	100000.0	1415	1000405	11055297663285745456	fc05f63801	2	0.06	118286.4
1	0	0.0	100000.0	1415	1000405	11055297663285745456	fc05f63801	1	0.06	118286.4
1	0	0.0	100000.0	1415	1000405	11055297663285745456	fc05f63801	0	0.06	118286.4
1	0	0.0	100000.0	1333	200000	4340171896492173620	fc05f63801	4	0.02	506461.4
1	0	0.0	100000.0	1333	200000	4340171896492173620	fc05f63801	3	0.02	506461.4
1	0	0.0	100000.0	1333	200000	4340171896492173620	fc05f63801	2	0.02	506461.4
1	0	0.0	100000.0	1333	200000	4340171896492173620	fc05f63801	1	0.03	506461.4
1	0	0.0	100000.0	1333	200000	4340171896492173620	fc05f63801	0	0.02	506461.4
1	0	0.0	100000.0	1333	200000	3505554725561209821	fc05f63801	4	0.02	549774.0
1	0	0.0	100000.0	1333	200000	3505554725561209821	fc05f63801	3	0.02	549774.0
1	0	0.0	100000.0	1333	200000	3505554725561209821	fc05f63801	2	0.02	549774.0
1	0	0.0	100000.0	1333	200000	3505554725561209821	fc05f63801	1	0.02	549774.0
1	0	0.0	100000.0	1333	200000	3505554725561209821	fc05f63801	0	0.02	549774.0
1	0	0.0	100000.0	1333	200000	18193077461349064299	fc05f63801	4	0.02	536723.0
1	0	0.0	100000.0	1333	200000	18193077461349064299	fc05f63801	3	0.03	536723.0
1	0	0.0	100000.0	1333	200000	18193077461349064299	fc05f63801	2	0.02	536723.0
1	0	0.0	100000.0	1333	200000	18193077461349064299	fc05f63801	1	0.02	536723.0
1	0	0.0	100000.0	1333	200000	18193077461349064299	fc05f63801	0	0.02	536723.0
1	0	0.0	100000.0	1333	200000	14096988401216229925	fc05f63801	4	0.02	521839.5
1	0	0.0	100000.0	1333	200000	14096988401216229925	fc05f63801	3	0.02	521839.5
1	0	0.0	100000.0	1333	200000	14096988401216229925	fc05f63801	2	0.02	521839.5
1	0	0.0	100000.0	1333	200000	14096988401216229925	fc05f63801	1	0.02	521839.5
1	0	0.0	100000.0	1333	200000	14096988401216229925	fc05f63801	0	0.02	521839.5
1	0	0.0	100000.0	1333	200000	13252868028536094134	fc05f63801	4	0.02	517718.0
1	0	0.0	100000.0	1333	200000	13252868028536094134	fc05f63801	3	0.02	517718.0
1	0	0.0	100000.0	1333	200000	13252868028536094134	fc05f63801	2	0.02	517718.0
1	0	0.0	100000.0	1333	200000	13252868028536094134	fc05f63801	1	0.02	517718.0
1	0	0.0	100000.0	1333	200000	13252868028536094134	fc05f63801	0	0.02	517718.0
1	0	0.0	100000.0	1096	600060	6290458685035200256	fc05f63801	4	0.04	116100.6
1	0	0.0	100000.0	1096	600060	6290458685035200256	fc05f63801	3	0.04	116100.6
1	0	0.0	100000.0	1096	600060	6290458685035200256	fc05f63801	2	0.04	116100.6
1	0	0.0	100000.0	1096	600060	6290458685035200256	fc05f63801	1	0.04	116100.6
1	0	0.0	100000.0	1096	600060	6290458685035200256	fc05f63801	0	0.04	116100.6
1	0	0.0	100000.0	1096	600060	2847011941182166257	fc05f63801	4	0.04	126762.8
1	0	0.0	100000.0	1096	600060	2847011941182166257	fc05f63801	3	0.04	126762.8
1	0	0.0	100000.0	1096	600060	2847011941182166257	fc05f63801	2	0.04	126762.8
1	0	0.0	100000.0	1096	600060	2847011941182166257	fc05f63801	1	0.04	126762.8
1	0	0.0	100000.0	1096	600060	2847011941182166257	fc05f63801	0	0.04	126762.8
1	0	0.0	100000.0	1096	600060	17275001610796320301	fc05f63801	4	0.03	125481.6
1	0	0.0	100000.0	1096	600060	17275001610796320301	fc05f63801	3	0.04	125481.6
1	0	0.0	100000.0	1096	600060	17275001610796320301	fc05f63801	2	0.03	125481.6
1	0	0.0	100000.0	1096	600060	17275001610796320301	fc05f63801	1	0.04	125481.6
1	0	0.0	100000.0	1096	600060	17275001610796320301	fc05f63801	0	0.04	125481.6
1	0	0.0	100000.0	1096	600060	14745808863681856302	fc05f63801	4	0.04	119257.0
1	0	0.0	100000.0	1096	600060	14745808863681856302	fc05f63801	3	0.03	119257.0
1	0	0.0	100000.0	1096	600060	14745808863681856302	fc05f63801	2	0.04	119257.0
1	0	0.0	100000.0	1096	600060	14745808863681856302	fc05f63801	1	0.04	119257.0
1	0	0.0	100000.0	1096	600060	14745808863681856302	fc05f63801	0	0.04	119257.0
1	0	0.0	100000.0	1096	600060	11002444327164293152	fc05f63801	4	0.03	124601.3
1	0	0.0	100000.0	1096	600060	11002444327164293152	fc05f63801	3	0.04	124601.3
1	0	0.0	100000.0	1096	600060	11002444327164293152	fc05f63801	2	0.04	124601.3
1	0	0.0	100000.0	1096	600060	11002444327164293152	fc05f63801	1	0.03	124601.3
1	0	0.0	100000.0	1096	600060	11002444327164293152	fc05f63801	0	0.04	124601.3
1	0	0.0	100000.0	1001	500500	8198693454672841254	fc05f63801	4	0.03	125937.0
1	0	0.0	100000.0	1001	500500	8198693454672841254	fc05f63801	3	0.03	125937.0
1	0	0.0	100000.0	1001	500500	8198693454672841254	fc05f63801	2	0.03	125937.0
1	0	0.0	100000.0	1001	500500	8198693454672841254	fc05f63801	1	0.03	125937.0
1	0	0.0	100000.0	1001	500500	8198693454672841254	fc05f63801	0	0.03	125937.0
1	0	0.0	100000.0	1001	500500	7638712388428417106	fc05f63801	4	0.03	124618.8
1	0	0.0	100000.0	1001	500500	7638712388428417106	fc05f63801	3	0.03	124618.8
1	0	0.0	100000.0	1001	500500	7638712388428417106	fc05f63801	2	0.03	124618.8
1	0	0.0	100000.0	1001	500500	7638712388428417106	fc05f63801	1	0.03	124618.8
1	0	0.0	100000.0	1001	500500	7638712388428417106	fc05f63801	0	0.03	124618.8
1	0	0.0	100000.0	1001	500500	3508436502532993356	fc05f63801	4	0.03	112864.8
1	0	0.0	100000.0	1001	500500	3508436502532993356	fc05f63801	3	0.03	112864.8
1	0	0.0	100000.0	1001	500500	3508436502532993356	fc05f63801	2	0.03	112864.8
1	0	0.0	100000.0	1001	500500	3508436502532993356	fc05f63801	1	0.03	112864.8
1	0	0.0	100000.0	1001	500500	3508436502532993356	fc05f63801	0	0.03	112864.8
1	0	0.0	100000.0	1001	500500	15657013202064077586	fc05f63801	4	0.03	120458.8
1	0	0.0	100000.0	1001	500500	15657013202064077586	fc05f63801	3	0.03	120458.8
1	0	0.0	100000.0	1001	500500	15657013202064077586	fc05f63801	2	0.03	120458.8
1	0	0.0	100000.0	1001	500500	15657013202064077586	fc05f63801	1	0.02	120458.8
1	0	0.0	100000.0	1001	500500	15657013202064077586	fc05f63801	0	0.02	120458.8
1	0	0.0	100000.0	1001	500500	12244866433754796313	fc05f63801	4	0.03	120822.4
1	0	0.0	100000.0	1001	500500	12244866433754796313	fc05f63801	3	0.03	120822.4
1	0	0.0	100000.0	1001	500500	12244866433754796313	fc05f63801	2	0.03	120822.4
1	0	0.0	100000.0	1001	500500	12244866433754796313	fc05f63801	1	0.03	120822.4
1	0	0.0	100000.0	1001	500500	12244866433754796313	fc05f63801	0	0.02	120822.4
