#|V|	|E|	density	Lower	Average	Upper	#Runs  (Lower/Upper from 99% CI)
250	1175	4.700000	0.000	0.000	0.000	25
250	1792	7.168000	0.000	0.000	0.000	25
700	8017	11.452857	0.000	0.000	0.000	25
250	3336	13.344000	0.000	0.000	0.000	25
700	12896	18.422857	0.000	0.000	0.000	25
4374	100000	22.862369	0.316	0.322	0.328	25
250	6424	25.696000	0.000	0.000	0.000	25
700	25094	35.848571	0.000	0.000	0.000	25
250	9511	38.044000	0.000	0.000	0.000	25
2550	100000	39.215686	0.085	0.088	0.092	25
250	12599	50.396000	0.000	0.000	0.000	25
1981	100000	50.479556	0.039	0.041	0.042	25
10856	600000	55.268976	2.261	2.289	2.317	10
4473	304386	68.049631	0.347	0.353	0.359	25
700	49489	70.698571	0.000	0.000	0.000	25
1405	100000	71.174377	0.018	0.020	0.021	25
14043	1000000	71.209855	4.023	4.053	4.083	10
1149	100000	87.032202	0.010	0.012	0.014	25
6292	600000	95.359186	0.744	0.752	0.761	25
996	100000	100.401606	0.006	0.008	0.010	25
700	73884	105.548571	-0.001	0.001	0.003	25
891	100000	112.233446	0.005	0.008	0.011	25
4473	504329	112.749609	0.319	0.356	0.393	25
814	100000	122.850123	0.005	0.008	0.010	25
4880	600000	122.950820	0.443	0.448	0.453	25
8133	1000000	122.955859	1.261	1.284	1.307	10
754	100000	132.625995	0.002	0.004	0.007	25
700	98279	140.398571	0.001	0.004	0.006	25
706	100000	141.643059	-0.000	0.002	0.004	25
665	100000	150.375940	-0.000	0.002	0.004	25
631	100000	158.478605	-0.001	0.001	0.003	25
6306	1000000	158.579131	0.768	0.777	0.786	25
602	100000	166.112957	-0.000	0.002	0.005	25
577	100000	173.310225	-0.001	0.001	0.002	25
3455	600000	173.661360	0.215	0.218	0.222	25
700	122674	175.248571	0.005	0.008	0.010	25
554	100000	180.505415	-0.000	0.002	0.004	25
534	100000	187.265918	0.000	0.000	0.000	25
516	100000	193.798450	-0.001	0.000	0.002	25
500	100000	200.000000	-0.001	0.000	0.002	25
485	100000	206.185567	-0.001	0.001	0.002	25
700	147069	210.098571	0.006	0.008	0.010	25
471	100000	212.314225	0.000	0.000	0.000	25
2823	600000	212.539851	0.143	0.147	0.151	25
459	100000	217.864924	0.000	0.000	0.000	25
448	100000	223.214286	0.000	0.000	0.000	25
4463	1000000	224.064531	0.394	0.400	0.406	25
4473	1004187	224.499665	0.394	0.400	0.406	25
700	171464	244.948571	0.007	0.009	0.011	25
2445	600000	245.398773	0.108	0.112	0.117	25
2188	600000	274.223035	0.093	0.096	0.099	25
3646	1000000	274.273176	0.266	0.270	0.275	25
700	195859	279.798571	0.010	0.010	0.010	25
1998	600000	300.300300	0.076	0.078	0.080	25
700	220254	314.648571	0.009	0.011	0.012	25
3158	1000000	316.656111	0.212	0.216	0.220	25
1850	600000	324.324324	0.065	0.068	0.071	25
700	232452	332.074286	0.011	0.014	0.016	25
1731	600000	346.620451	0.059	0.061	0.063	25
700	244650	349.500000	0.009	0.010	0.012	25
2825	1000000	353.982301	0.172	0.176	0.180	25
1632	600000	367.647059	0.055	0.057	0.060	25
2580	1000000	387.596899	0.150	0.154	0.157	25
1548	600000	387.596899	0.055	0.057	0.060	25
25788	10000000	387.777261	19.109	19.238	19.367	10
1476	600000	406.504065	0.050	0.053	0.055	25
2389	1000000	418.585182	0.130	0.135	0.140	25
1414	600000	424.328147	0.049	0.052	0.055	25
1358	600000	441.826215	0.045	0.048	0.051	25
2235	1000000	447.427293	0.120	0.123	0.125	25
4473	2003903	447.999776	0.464	0.470	0.475	25
1309	600000	458.365164	0.042	0.045	0.048	25
1265	600000	474.308300	0.043	0.046	0.048	25
2107	1000000	474.608448	0.112	0.115	0.118	25
1224	600000	490.196078	0.040	0.043	0.045	25
1999	1000000	500.250125	0.101	0.104	0.108	25
19981	10000000	500.475452	10.492	10.563	10.634	10
1188	600000	505.050505	0.040	0.040	0.040	25
1155	600000	519.480519	0.039	0.041	0.042	25
1906	1000000	524.658972	0.099	0.101	0.103	25
1124	600000	533.807829	0.040	0.040	0.040	25
1096	600000	547.445255	0.038	0.040	0.041	25
1825	1000000	547.945205	0.095	0.098	0.100	25
1754	1000000	570.125428	0.088	0.091	0.094	25
1690	1000000	591.715976	0.084	0.088	0.091	25
1633	1000000	612.369871	0.083	0.086	0.088	25
1581	1000000	632.511069	0.079	0.081	0.083	25
1534	1000000	651.890482	0.078	0.079	0.081	25
1491	1000000	670.690812	0.078	0.079	0.081	25
4473	3003618	671.499665	0.535	0.541	0.547	25
1451	1000000	689.179876	0.076	0.078	0.080	25
1415	1000000	706.713781	0.075	0.078	0.081	25
14133	10000000	707.563858	4.823	4.874	4.925	10
11541	10000000	866.476042	3.275	3.296	3.317	5
4473	4003334	894.999776	0.594	0.602	0.609	25
9996	10000000	1000.400160	2.532	2.563	2.594	10
8941	10000000	1118.443127	2.170	2.179	2.188	10
4473	5003050	1118.499888	0.668	0.673	0.679	25
8163	10000000	1225.039814	1.898	1.911	1.924	10
7557	10000000	1323.276432	1.711	1.720	1.728	25
4473	6002765	1341.999776	0.738	0.745	0.752	25
7070	10000000	1414.427157	1.571	1.580	1.590	25
6665	10000000	1500.375094	1.467	1.478	1.488	25
4473	7002481	1565.499888	0.806	0.812	0.818	25
6324	10000000	1581.277672	1.384	1.394	1.405	25
6029	10000000	1658.649859	1.311	1.320	1.329	25
5773	10000000	1732.201628	1.256	1.267	1.278	25
4473	8002196	1788.999776	0.876	0.882	0.888	25
5546	10000000	1803.101334	1.209	1.217	1.225	25
5345	10000000	1870.907390	1.161	1.173	1.184	25
5164	10000000	1936.483346	1.128	1.137	1.146	25
5000	10000000	2000.000000	1.097	1.106	1.115	25
4473	9001912	2012.499888	0.941	0.949	0.958	25
4851	10000000	2061.430633	1.068	1.076	1.085	25
4714	10000000	2121.340687	1.045	1.054	1.062	25
4473	9501770	2124.249944	0.977	0.984	0.990	25
4588	10000000	2179.598954	1.019	1.029	1.038	25
4473	10000000	2235.636038	1.006	1.014	1.022	25
4473	10001628	2236.000000	0.905	0.914	0.922	25
