#|V|	|E|	density	Lower	Average	Upper	#Runs  (Lower/Upper from 99% CI)
4473	304386	68.049631	0.028	0.029	0.031	25
4473	504329	112.749609	0.042	0.045	0.048	25
4473	1004187	224.499665	0.090	0.094	0.097	25
4473	2003903	447.999776	0.181	0.184	0.188	25
4473	3003618	671.499665	0.268	0.272	0.277	25
4473	4003334	894.999776	0.357	0.363	0.370	25
4473	5003050	1118.499888	0.444	0.450	0.455	25
4473	6002765	1341.999776	0.528	0.535	0.542	25
4473	7002481	1565.499888	0.622	0.631	0.641	25
4473	8002196	1788.999776	0.703	0.712	0.720	25
4473	9001912	2012.499888	0.792	0.804	0.817	25
4473	9501770	2124.249944	0.834	0.842	0.850	25
4473	10000000	2235.636038	0.879	0.890	0.900	25
4473	10001628	2236.000000	0.807	0.814	0.822	25
