#|V|	|E|	density	Lower	Average	Upper	#Runs  (Lower/Upper from 99% CI)
4473	304386	68.049631	0.360	0.365	0.371	25
4473	504329	112.749609	0.374	0.380	0.386	25
4473	1004187	224.499665	0.409	0.414	0.419	25
4473	2003903	447.999776	0.478	0.484	0.490	25
4473	3003618	671.499665	0.542	0.549	0.555	25
4473	4003334	894.999776	0.614	0.620	0.627	25
4473	5003050	1118.499888	0.680	0.688	0.696	25
4473	6002765	1341.999776	0.755	0.762	0.768	25
4473	7002481	1565.499888	0.819	0.828	0.837	25
4473	8002196	1788.999776	0.893	0.899	0.905	25
4473	9001912	2012.499888	0.952	0.961	0.969	25
4473	9501770	2124.249944	0.988	0.996	1.004	25
4473	10000000	2235.636038	1.028	1.037	1.047	25
4473	10001628	2236.000000	0.911	0.918	0.925	25
