#|V|	|E|	density	Lower	Average	Upper	#Runs  (Lower/Upper from 99% CI)
4473	304386	68.049631	0.347	0.353	0.359	25
4473	504329	112.749609	0.319	0.356	0.393	25
4473	1004187	224.499665	0.394	0.400	0.406	25
4473	2003903	447.999776	0.464	0.470	0.475	25
4473	3003618	671.499665	0.535	0.541	0.547	25
4473	4003334	894.999776	0.594	0.602	0.609	25
4473	5003050	1118.499888	0.668	0.673	0.679	25
4473	6002765	1341.999776	0.738	0.745	0.752	25
4473	7002481	1565.499888	0.806	0.812	0.818	25
4473	8002196	1788.999776	0.876	0.882	0.888	25
4473	9001912	2012.499888	0.941	0.949	0.958	25
4473	9501770	2124.249944	0.977	0.984	0.990	25
4473	10000000	2235.636038	1.006	1.014	1.022	25
4473	10001628	2236.000000	0.905	0.914	0.922	25
