#|V|	|E|	density	Lower	Average	Upper	#Runs  (Lower/Upper from 99% CI)
4473	304386	68.049631	0.046	0.048	0.050	25
4473	504329	112.749609	0.065	0.096	0.128	25
4473	1004187	224.499665	0.174	0.178	0.182	25
4473	2003903	447.999776	0.366	0.370	0.374	25
4473	3003618	671.499665	0.552	0.556	0.560	25
4473	4003334	894.999776	0.741	0.746	0.751	25
4473	5003050	1118.499888	0.934	0.940	0.946	25
4473	6002765	1341.999776	1.123	1.129	1.136	25
4473	7002481	1565.499888	1.304	1.315	1.326	25
4473	8002196	1788.999776	1.499	1.508	1.517	25
4473	9001912	2012.499888	1.690	1.698	1.706	25
4473	9501770	2124.249944	1.787	1.795	1.803	25
4473	10000000	2235.636038	1.877	1.889	1.900	25
4473	10001628	2236.000000	1.807	1.817	1.827	25
