#|V|	|E|	density	Lower	Average	Upper	#Runs  (Lower/Upper from 99% CI)
4473	304386	68.049631	0.040	0.043	0.046	25
4473	504329	112.749609	0.076	0.078	0.080	25
4473	1004187	224.499665	0.157	0.160	0.163	25
4473	2003903	447.999776	0.326	0.330	0.334	25
4473	3003618	671.499665	0.499	0.504	0.510	25
4473	4003334	894.999776	0.672	0.677	0.682	25
4473	5003050	1118.499888	0.843	0.854	0.866	25
4473	6002765	1341.999776	1.021	1.027	1.034	25
4473	7002481	1565.499888	1.196	1.203	1.210	25
4473	8002196	1788.999776	1.369	1.378	1.387	25
4473	9001912	2012.499888	1.549	1.554	1.560	25
4473	9501770	2124.249944	1.641	1.649	1.658	25
4473	10000000	2235.636038	1.724	1.733	1.742	25
4473	10001628	2236.000000	1.636	1.646	1.656	25
