#|V|	|E|	density	Lower	Average	Upper	#Runs  (Lower/Upper from 99% CI)
4473	304386	68.049631	0.020	0.023	0.025	25
4473	504329	112.749609	0.040	0.042	0.044	25
4473	1004187	224.499665	0.082	0.085	0.088	25
4473	2003903	447.999776	0.173	0.177	0.180	25
4473	3003618	671.499665	0.245	0.250	0.256	25
4473	4003334	894.999776	0.333	0.340	0.347	25
4473	5003050	1118.499888	0.418	0.431	0.445	25
4473	6002765	1341.999776	0.507	0.517	0.528	25
4473	7002481	1565.499888	0.611	0.626	0.641	25
4473	8002196	1788.999776	0.689	0.699	0.710	25
4473	9001912	2012.499888	0.799	0.814	0.828	25
4473	9501770	2124.249944	0.811	0.829	0.848	25
4473	10000000	2235.636038	0.900	0.908	0.916	25
4473	10001628	2236.000000	0.801	0.819	0.837	25
