#|V|	|E|	density	Lower	Average	Upper	#Runs  (Lower/Upper from 99% CI)
700	8017	11.452857	0.000	0.000	0.000	25
700	12896	18.422857	0.000	0.000	0.000	25
700	25094	35.848571	0.000	0.000	0.000	25
700	49489	70.698571	0.000	0.000	0.000	25
700	73884	105.548571	-0.001	0.000	0.002	25
700	98279	140.398571	-0.000	0.002	0.004	25
700	122674	175.248571	0.005	0.007	0.010	25
700	147069	210.098571	0.008	0.009	0.011	25
700	171464	244.948571	0.008	0.010	0.012	25
700	195859	279.798571	0.009	0.011	0.012	25
700	220254	314.648571	0.009	0.010	0.012	25
700	232452	332.074286	0.010	0.012	0.014	25
700	244650	349.500000	0.009	0.011	0.012	25
