#|V|	|E|	density	Lower	Average	Upper	#Runs  (Lower/Upper from 99% CI)
4473	304386	68.049631	0.123	0.128	0.133	25
4473	504329	112.749609	0.141	0.148	0.154	25
4473	1004187	224.499665	0.183	0.188	0.193	25
4473	2003903	447.999776	0.261	0.267	0.273	25
4473	3003618	671.499665	0.337	0.342	0.347	25
4473	4003334	894.999776	0.421	0.426	0.432	25
4473	5003050	1118.499888	0.498	0.505	0.512	25
4473	6002765	1341.999776	0.571	0.580	0.590	25
4473	7002481	1565.499888	0.648	0.658	0.667	25
4473	8002196	1788.999776	0.728	0.733	0.738	25
4473	9001912	2012.499888	0.807	0.815	0.824	25
4473	9501770	2124.249944	0.845	0.854	0.864	25
4473	10000000	2235.636038	0.893	0.902	0.911	25
4473	10001628	2236.000000	0.697	0.705	0.713	25
