#|V|	|E|	density	Lower	Average	Upper	#Runs  (Lower/Upper from 99% CI)
250	1175	4.700000	0.000	0.000	0.000	25
250	1792	7.168000	0.000	0.000	0.000	25
700	8017	11.452857	0.000	0.000	0.000	25
250	3336	13.344000	0.000	0.000	0.000	25
700	12896	18.422857	0.000	0.000	0.000	25
4374	100000	22.862369	0.005	0.007	0.010	25
250	6424	25.696000	0.000	0.000	0.000	25
700	25094	35.848571	0.000	0.000	0.000	25
250	9511	38.044000	0.000	0.000	0.000	25
2550	100000	39.215686	0.002	0.005	0.008	25
250	12599	50.396000	0.000	0.000	0.000	25
1981	100000	50.479556	0.000	0.003	0.005	25
10856	600000	55.268976	0.051	0.054	0.058	25
4473	304386	68.049631	0.020	0.023	0.025	25
700	49489	70.698571	0.000	0.000	0.000	25
1405	100000	71.174377	0.001	0.003	0.006	25
14043	1000000	71.209855	0.095	0.098	0.101	25
1149	100000	87.032202	-0.000	0.002	0.005	25
6292	600000	95.359186	0.045	0.050	0.054	25
996	100000	100.401606	0.000	0.000	0.000	25
700	73884	105.548571	0.000	0.000	0.000	25
891	100000	112.233446	0.000	0.000	0.000	25
4473	504329	112.749609	0.040	0.042	0.044	25
814	100000	122.850123	0.000	0.000	0.000	25
4880	600000	122.950820	0.048	0.051	0.054	25
8133	1000000	122.955859	0.080	0.084	0.087	25
754	100000	132.625995	0.000	0.000	0.000	25
700	98279	140.398571	0.000	0.000	0.000	25
706	100000	141.643059	0.000	0.000	0.000	25
665	100000	150.375940	-0.000	0.002	0.004	25
631	100000	158.478605	-0.001	0.000	0.002	25
6306	1000000	158.579131	0.080	0.082	0.084	25
602	100000	166.112957	0.000	0.000	0.000	25
577	100000	173.310225	-0.001	0.001	0.002	25
3455	600000	173.661360	0.048	0.051	0.055	25
700	122674	175.248571	-0.000	0.002	0.005	25
554	100000	180.505415	-0.001	0.000	0.002	25
534	100000	187.265918	-0.001	0.001	0.002	25
516	100000	193.798450	-0.000	0.002	0.004	25
500	100000	200.000000	0.000	0.000	0.000	25
485	100000	206.185567	-0.001	0.001	0.003	25
700	147069	210.098571	0.005	0.008	0.010	25
471	100000	212.314225	-0.001	0.001	0.002	25
2823	600000	212.539851	0.046	0.049	0.051	25
459	100000	217.864924	-0.001	0.000	0.002	25
448	100000	223.214286	-0.001	0.000	0.002	25
4463	1000000	224.064531	0.080	0.083	0.087	25
44622	10000000	224.104702	0.934	0.957	0.980	25
4473	1004187	224.499665	0.082	0.085	0.088	25
700	171464	244.948571	0.008	0.010	0.011	25
2445	600000	245.398773	0.046	0.050	0.053	25
2188	600000	274.223035	0.047	0.050	0.053	25
3646	1000000	274.273176	0.080	0.083	0.086	25
700	195859	279.798571	0.009	0.011	0.012	25
1998	600000	300.300300	0.045	0.048	0.051	25
700	220254	314.648571	0.010	0.012	0.015	25
3158	1000000	316.656111	0.082	0.086	0.089	25
1850	600000	324.324324	0.045	0.047	0.050	25
700	232452	332.074286	0.012	0.014	0.017	25
1731	600000	346.620451	0.046	0.049	0.052	25
700	244650	349.500000	0.012	0.014	0.017	25
2825	1000000	353.982301	0.081	0.084	0.088	25
1632	600000	367.647059	0.044	0.047	0.050	25
2580	1000000	387.596899	0.082	0.086	0.090	25
1548	600000	387.596899	0.043	0.046	0.048	25
25788	10000000	387.777261	0.950	0.974	0.999	25
1476	600000	406.504065	0.045	0.048	0.051	25
2389	1000000	418.585182	0.081	0.084	0.088	25
1414	600000	424.328147	0.046	0.048	0.051	25
1358	600000	441.826215	0.043	0.046	0.049	25
2235	1000000	447.427293	0.082	0.086	0.089	25
4473	2003903	447.999776	0.173	0.177	0.180	25
1309	600000	458.365164	0.043	0.046	0.049	25
1265	600000	474.308300	0.043	0.046	0.049	25
2107	1000000	474.608448	0.081	0.084	0.086	25
1224	600000	490.196078	0.041	0.044	0.047	25
1999	1000000	500.250125	0.079	0.082	0.084	25
19981	10000000	500.475452	0.930	0.954	0.978	25
1188	600000	505.050505	0.039	0.041	0.043	25
1155	600000	519.480519	0.039	0.041	0.043	25
1906	1000000	524.658972	0.080	0.083	0.086	25
1124	600000	533.807829	0.039	0.041	0.042	25
1096	600000	547.445255	0.039	0.042	0.045	25
1825	1000000	547.945205	0.080	0.083	0.087	25
1754	1000000	570.125428	0.081	0.084	0.087	25
1690	1000000	591.715976	0.078	0.081	0.084	25
1633	1000000	612.369871	0.079	0.083	0.086	25
1581	1000000	632.511069	0.079	0.081	0.084	25
1534	1000000	651.890482	0.080	0.082	0.084	25
1491	1000000	670.690812	0.076	0.079	0.082	25
4473	3003618	671.499665	0.245	0.250	0.256	25
1451	1000000	689.179876	0.080	0.082	0.084	25
1415	1000000	706.713781	0.080	0.083	0.085	25
14133	10000000	707.563858	0.948	0.970	0.992	25
11541	10000000	866.476042	0.876	0.897	0.918	20
4473	4003334	894.999776	0.333	0.340	0.347	25
9996	10000000	1000.400160	0.808	0.833	0.858	25
8941	10000000	1118.443127	0.848	0.868	0.887	25
4473	5003050	1118.499888	0.418	0.431	0.445	25
8163	10000000	1225.039814	0.841	0.856	0.871	25
7557	10000000	1323.276432	0.848	0.866	0.883	25
4473	6002765	1341.999776	0.507	0.517	0.528	25
7070	10000000	1414.427157	0.854	0.876	0.899	25
6665	10000000	1500.375094	0.864	0.875	0.886	25
4473	7002481	1565.499888	0.611	0.626	0.641	25
6324	10000000	1581.277672	0.862	0.882	0.901	25
6029	10000000	1658.649859	0.874	0.884	0.894	25
5773	10000000	1732.201628	0.868	0.882	0.896	25
4473	8002196	1788.999776	0.689	0.699	0.710	25
5546	10000000	1803.101334	0.869	0.886	0.903	25
5345	10000000	1870.907390	0.877	0.899	0.920	25
5164	10000000	1936.483346	0.828	0.850	0.871	25
5000	10000000	2000.000000	0.841	0.858	0.875	25
4473	9001912	2012.499888	0.799	0.814	0.828	25
4851	10000000	2061.430633	0.868	0.890	0.911	25
4714	10000000	2121.340687	0.885	0.896	0.907	25
4473	9501770	2124.249944	0.811	0.829	0.848	25
4588	10000000	2179.598954	0.875	0.888	0.901	25
4473	10000000	2235.636038	0.900	0.908	0.916	25
4473	10001628	2236.000000	0.801	0.819	0.837	25
