#|V|	|E|	density	Lower	Average	Upper	#Runs  (Lower/Upper from 99% CI)
250	1175	4.700000	0.000	0.000	0.000	25
250	1792	7.168000	0.000	0.000	0.000	25
700	8017	11.452857	0.000	0.000	0.000	25
250	3336	13.344000	0.000	0.000	0.000	25
700	12896	18.422857	0.000	0.000	0.000	25
4374	100000	22.862369	0.012	0.015	0.018	25
250	6424	25.696000	0.000	0.000	0.000	25
700	25094	35.848571	0.000	0.000	0.000	25
250	9511	38.044000	0.000	0.000	0.000	25
2550	100000	39.215686	0.013	0.016	0.018	25
250	12599	50.396000	0.000	0.000	0.000	25
1981	100000	50.479556	0.010	0.013	0.015	25
10856	600000	55.268976	0.103	0.106	0.110	25
4473	304386	68.049631	0.046	0.048	0.050	25
700	49489	70.698571	0.000	0.000	0.000	25
1405	100000	71.174377	0.010	0.013	0.015	25
14043	1000000	71.209855	0.186	0.189	0.192	25
1149	100000	87.032202	0.009	0.011	0.012	25
6292	600000	95.359186	0.098	0.100	0.102	25
996	100000	100.401606	0.008	0.010	0.011	25
700	73884	105.548571	0.008	0.010	0.011	25
891	100000	112.233446	0.010	0.010	0.010	25
4473	504329	112.749609	0.065	0.096	0.128	25
814	100000	122.850123	0.010	0.010	0.010	25
4880	600000	122.950820	0.101	0.105	0.109	25
8133	1000000	122.955859	0.176	0.178	0.180	25
754	100000	132.625995	0.009	0.010	0.012	25
700	98279	140.398571	0.010	0.010	0.010	25
706	100000	141.643059	0.009	0.010	0.012	25
665	100000	150.375940	0.009	0.010	0.012	25
631	100000	158.478605	0.009	0.010	0.012	25
6306	1000000	158.579131	0.174	0.176	0.179	25
602	100000	166.112957	0.010	0.010	0.010	25
577	100000	173.310225	0.009	0.010	0.012	25
3455	600000	173.661360	0.101	0.104	0.107	25
700	122674	175.248571	0.014	0.017	0.019	25
554	100000	180.505415	0.009	0.010	0.012	25
534	100000	187.265918	0.010	0.010	0.010	25
516	100000	193.798450	0.009	0.010	0.012	25
500	100000	200.000000	0.009	0.010	0.012	25
485	100000	206.185567	0.009	0.010	0.012	25
700	147069	210.098571	0.020	0.020	0.020	25
471	100000	212.314225	0.009	0.011	0.012	25
2823	600000	212.539851	0.100	0.102	0.104	25
459	100000	217.864924	0.009	0.011	0.012	25
448	100000	223.214286	0.009	0.011	0.013	25
4463	1000000	224.064531	0.180	0.180	0.180	25
44622	10000000	224.104702	1.988	1.998	2.008	25
4473	1004187	224.499665	0.174	0.178	0.182	25
700	171464	244.948571	0.020	0.020	0.020	25
2445	600000	245.398773	0.100	0.102	0.104	25
2188	600000	274.223035	0.101	0.103	0.106	25
3646	1000000	274.273176	0.176	0.178	0.181	25
700	195859	279.798571	0.026	0.028	0.030	25
1998	600000	300.300300	0.100	0.102	0.104	25
700	220254	314.648571	0.029	0.030	0.032	25
3158	1000000	316.656111	0.178	0.180	0.183	25
1850	600000	324.324324	0.100	0.102	0.104	25
700	232452	332.074286	0.031	0.034	0.036	25
1731	600000	346.620451	0.100	0.102	0.104	25
700	244650	349.500000	0.032	0.034	0.037	25
2825	1000000	353.982301	0.177	0.179	0.181	25
1632	600000	367.647059	0.099	0.101	0.102	25
2580	1000000	387.596899	0.175	0.178	0.181	25
1548	600000	387.596899	0.100	0.102	0.105	25
25788	10000000	387.777261	1.990	2.002	2.015	25
1476	600000	406.504065	0.098	0.100	0.103	25
2389	1000000	418.585182	0.175	0.178	0.180	25
1414	600000	424.328147	0.100	0.100	0.100	25
1358	600000	441.826215	0.099	0.100	0.102	25
2235	1000000	447.427293	0.175	0.178	0.181	25
4473	2003903	447.999776	0.366	0.370	0.374	25
1309	600000	458.365164	0.098	0.100	0.102	25
1265	600000	474.308300	0.098	0.100	0.101	25
2107	1000000	474.608448	0.174	0.176	0.179	25
1224	600000	490.196078	0.100	0.100	0.100	25
1999	1000000	500.250125	0.176	0.179	0.181	25
19981	10000000	500.475452	1.979	1.995	2.011	25
1188	600000	505.050505	0.096	0.098	0.100	25
1155	600000	519.480519	0.096	0.098	0.100	25
1906	1000000	524.658972	0.175	0.178	0.181	25
1124	600000	533.807829	0.098	0.099	0.101	25
1096	600000	547.445255	0.095	0.098	0.100	25
1825	1000000	547.945205	0.175	0.177	0.180	25
1754	1000000	570.125428	0.176	0.179	0.182	25
1690	1000000	591.715976	0.175	0.178	0.181	25
1633	1000000	612.369871	0.174	0.177	0.180	25
1581	1000000	632.511069	0.173	0.176	0.178	25
1534	1000000	651.890482	0.176	0.178	0.181	25
1491	1000000	670.690812	0.173	0.176	0.179	25
4473	3003618	671.499665	0.552	0.556	0.560	25
1451	1000000	689.179876	0.176	0.178	0.180	25
1415	1000000	706.713781	0.174	0.176	0.179	25
14133	10000000	707.563858	1.960	1.970	1.980	25
11541	10000000	866.476042	1.924	1.935	1.945	20
4473	4003334	894.999776	0.741	0.746	0.751	25
9996	10000000	1000.400160	1.870	1.882	1.894	25
8941	10000000	1118.443127	1.868	1.877	1.886	25
4473	5003050	1118.499888	0.934	0.940	0.946	25
8163	10000000	1225.039814	1.860	1.868	1.876	25
7557	10000000	1323.276432	1.863	1.873	1.883	25
4473	6002765	1341.999776	1.123	1.129	1.136	25
7070	10000000	1414.427157	1.870	1.878	1.886	25
6665	10000000	1500.375094	1.879	1.890	1.902	25
4473	7002481	1565.499888	1.304	1.315	1.326	25
6324	10000000	1581.277672	1.876	1.885	1.895	25
6029	10000000	1658.649859	1.882	1.891	1.900	25
5773	10000000	1732.201628	1.885	1.895	1.904	25
4473	8002196	1788.999776	1.499	1.508	1.517	25
5546	10000000	1803.101334	1.875	1.886	1.896	25
5345	10000000	1870.907390	1.888	1.896	1.903	25
5164	10000000	1936.483346	1.876	1.884	1.892	25
5000	10000000	2000.000000	1.883	1.894	1.905	25
4473	9001912	2012.499888	1.690	1.698	1.706	25
4851	10000000	2061.430633	1.896	1.905	1.914	25
4714	10000000	2121.340687	1.885	1.894	1.904	25
4473	9501770	2124.249944	1.787	1.795	1.803	25
4588	10000000	2179.598954	1.881	1.891	1.901	25
4473	10000000	2235.636038	1.877	1.889	1.900	25
4473	10001628	2236.000000	1.807	1.817	1.827	25
