#|V|	|E|	density	Lower	Average	Upper	#Runs  (Lower/Upper from 99% CI)
4473	304386	68.049631	0.021	0.023	0.026	25
4473	504329	112.749609	0.039	0.042	0.045	25
4473	1004187	224.499665	0.086	0.089	0.093	25
4473	2003903	447.999776	0.181	0.184	0.188	25
4473	3003618	671.499665	0.258	0.264	0.269	25
4473	4003334	894.999776	0.344	0.353	0.362	25
4473	5003050	1118.499888	0.438	0.448	0.459	25
4473	6002765	1341.999776	0.525	0.534	0.543	25
4473	7002481	1565.499888	0.636	0.649	0.662	25
4473	8002196	1788.999776	0.719	0.730	0.740	25
4473	9001912	2012.499888	0.824	0.837	0.851	25
4473	9501770	2124.249944	0.846	0.860	0.875	25
4473	10000000	2235.636038	0.933	0.942	0.950	25
4473	10001628	2236.000000	0.833	0.853	0.872	25
