#|V|	|E|	density	Lower	Average	Upper	#Runs  (Lower/Upper from 99% CI)
250	1175	4.700000	0.000	0.000	0.000	25
250	1792	7.168000	0.000	0.000	0.000	25
700	8017	11.452857	0.000	0.000	0.000	25
250	3336	13.344000	0.000	0.000	0.000	25
700	12896	18.422857	0.000	0.000	0.000	25
4374	100000	22.862369	0.008	0.009	0.011	25
250	6424	25.696000	0.000	0.000	0.000	25
700	25094	35.848571	0.000	0.000	0.000	25
250	9511	38.044000	0.000	0.000	0.000	25
2550	100000	39.215686	0.002	0.005	0.008	25
250	12599	50.396000	0.000	0.000	0.000	25
1981	100000	50.479556	0.002	0.005	0.008	25
10856	600000	55.268976	0.053	0.058	0.062	25
4473	304386	68.049631	0.021	0.024	0.027	25
700	49489	70.698571	0.000	0.000	0.000	25
1405	100000	71.174377	-0.000	0.002	0.004	25
14043	1000000	71.209855	0.098	0.101	0.104	25
1149	100000	87.032202	0.000	0.000	0.000	25
6292	600000	95.359186	0.049	0.052	0.055	25
996	100000	100.401606	-0.001	0.001	0.002	25
700	73884	105.548571	0.000	0.000	0.000	25
891	100000	112.233446	-0.001	0.001	0.002	25
4473	504329	112.749609	0.040	0.043	0.045	25
814	100000	122.850123	0.000	0.000	0.000	25
4880	600000	122.950820	0.047	0.050	0.053	25
8133	1000000	122.955859	0.083	0.087	0.091	25
754	100000	132.625995	-0.001	0.000	0.002	25
700	98279	140.398571	0.000	0.000	0.000	25
706	100000	141.643059	0.000	0.000	0.000	25
665	100000	150.375940	0.000	0.000	0.000	25
631	100000	158.478605	0.000	0.000	0.000	25
6306	1000000	158.579131	0.082	0.085	0.088	25
602	100000	166.112957	-0.001	0.001	0.003	25
577	100000	173.310225	-0.001	0.001	0.003	25
3455	600000	173.661360	0.049	0.051	0.053	25
700	122674	175.248571	0.002	0.004	0.007	25
554	100000	180.505415	-0.001	0.001	0.002	25
534	100000	187.265918	-0.001	0.000	0.002	25
516	100000	193.798450	0.000	0.000	0.000	25
500	100000	200.000000	-0.001	0.000	0.002	25
485	100000	206.185567	-0.000	0.002	0.004	25
700	147069	210.098571	0.005	0.007	0.010	25
471	100000	212.314225	-0.001	0.000	0.002	25
2823	600000	212.539851	0.049	0.052	0.055	25
459	100000	217.864924	0.000	0.000	0.000	25
448	100000	223.214286	-0.001	0.000	0.002	25
4463	1000000	224.064531	0.084	0.087	0.091	25
44622	10000000	224.104702	0.956	0.979	1.001	25
4473	1004187	224.499665	0.086	0.090	0.093	25
700	171464	244.948571	0.008	0.010	0.012	25
2445	600000	245.398773	0.049	0.053	0.056	25
2188	600000	274.223035	0.050	0.052	0.054	25
3646	1000000	274.273176	0.082	0.086	0.090	25
700	195859	279.798571	0.008	0.010	0.011	25
1998	600000	300.300300	0.049	0.052	0.055	25
700	220254	314.648571	0.012	0.014	0.017	25
3158	1000000	316.656111	0.086	0.089	0.093	25
1850	600000	324.324324	0.046	0.049	0.052	25
700	232452	332.074286	0.012	0.014	0.017	25
1731	600000	346.620451	0.046	0.049	0.052	25
700	244650	349.500000	0.012	0.015	0.018	25
2825	1000000	353.982301	0.084	0.088	0.092	25
1632	600000	367.647059	0.045	0.048	0.051	25
2580	1000000	387.596899	0.087	0.090	0.092	25
1548	600000	387.596899	0.045	0.050	0.055	25
25788	10000000	387.777261	0.967	0.994	1.021	25
1476	600000	406.504065	0.043	0.046	0.049	25
2389	1000000	418.585182	0.084	0.086	0.089	25
1414	600000	424.328147	0.046	0.049	0.052	25
1358	600000	441.826215	0.044	0.046	0.049	25
2235	1000000	447.427293	0.084	0.088	0.092	25
4473	2003903	447.999776	0.179	0.183	0.187	25
1309	600000	458.365164	0.041	0.043	0.046	25
1265	600000	474.308300	0.043	0.046	0.049	25
2107	1000000	474.608448	0.084	0.087	0.089	25
1224	600000	490.196078	0.042	0.044	0.047	25
1999	1000000	500.250125	0.082	0.085	0.088	25
19981	10000000	500.475452	0.959	0.980	1.002	25
1188	600000	505.050505	0.040	0.043	0.046	25
1155	600000	519.480519	0.041	0.044	0.046	25
1906	1000000	524.658972	0.083	0.086	0.089	25
1124	600000	533.807829	0.040	0.043	0.045	25
1096	600000	547.445255	0.040	0.044	0.047	25
1825	1000000	547.945205	0.082	0.085	0.088	25
1754	1000000	570.125428	0.082	0.085	0.088	25
1690	1000000	591.715976	0.082	0.086	0.089	25
1633	1000000	612.369871	0.083	0.086	0.089	25
1581	1000000	632.511069	0.080	0.082	0.084	25
1534	1000000	651.890482	0.080	0.083	0.086	25
1491	1000000	670.690812	0.080	0.083	0.086	25
4473	3003618	671.499665	0.255	0.260	0.265	25
1451	1000000	689.179876	0.080	0.084	0.087	25
1415	1000000	706.713781	0.079	0.082	0.085	25
14133	10000000	707.563858	0.983	1.005	1.027	25
11541	10000000	866.476042	0.917	0.937	0.958	25
4473	4003334	894.999776	0.343	0.351	0.359	25
9996	10000000	1000.400160	0.846	0.872	0.898	25
8941	10000000	1118.443127	0.894	0.918	0.942	25
4473	5003050	1118.499888	0.436	0.448	0.460	25
8163	10000000	1225.039814	0.880	0.893	0.906	25
7557	10000000	1323.276432	0.886	0.900	0.914	25
4473	6002765	1341.999776	0.524	0.534	0.545	25
7070	10000000	1414.427157	0.890	0.913	0.937	25
6665	10000000	1500.375094	0.903	0.913	0.923	25
4473	7002481	1565.499888	0.631	0.646	0.660	25
6324	10000000	1581.277672	0.899	0.915	0.932	25
6029	10000000	1658.649859	0.914	0.926	0.937	25
5773	10000000	1732.201628	0.893	0.907	0.921	25
4473	8002196	1788.999776	0.712	0.723	0.734	25
5546	10000000	1803.101334	0.899	0.914	0.930	25
5345	10000000	1870.907390	0.908	0.930	0.952	25
5164	10000000	1936.483346	0.878	0.894	0.910	25
5000	10000000	2000.000000	0.881	0.923	0.965	25
4473	9001912	2012.499888	0.823	0.838	0.852	25
4851	10000000	2061.430633	0.891	0.916	0.940	25
4714	10000000	2121.340687	0.904	0.950	0.995	25
4473	9501770	2124.249944	0.838	0.855	0.871	25
4588	10000000	2179.598954	0.900	0.910	0.920	25
4473	10000000	2235.636038	0.932	0.944	0.956	25
4473	10001628	2236.000000	0.824	0.842	0.860	25
