#|V|	|E|	density	Lower	Average	Upper	#Runs  (Lower/Upper from 99% CI)
250	1175	4.700000	0.000	0.000	0.000	25
250	1792	7.168000	0.000	0.000	0.000	25
700	8017	11.452857	0.000	0.000	0.000	25
250	3336	13.344000	0.000	0.000	0.000	25
700	12896	18.422857	0.000	0.000	0.000	25
4374	100000	22.862369	0.010	0.010	0.010	25
250	6424	25.696000	0.000	0.000	0.000	25
700	25094	35.848571	0.000	0.000	0.000	25
250	9511	38.044000	0.000	0.000	0.000	25
2550	100000	39.215686	0.005	0.007	0.010	25
250	12599	50.396000	0.000	0.000	0.000	25
1981	100000	50.479556	0.005	0.007	0.010	25
10856	600000	55.268976	0.063	0.066	0.068	25
4473	304386	68.049631	0.028	0.029	0.031	25
700	49489	70.698571	0.000	0.000	0.000	25
1405	100000	71.174377	0.000	0.003	0.005	25
14043	1000000	71.209855	0.115	0.118	0.121	25
1149	100000	87.032202	-0.001	0.001	0.003	25
6292	600000	95.359186	0.057	0.059	0.061	25
996	100000	100.401606	-0.000	0.002	0.005	25
700	73884	105.548571	-0.001	0.000	0.002	25
891	100000	112.233446	-0.001	0.001	0.002	25
4473	504329	112.749609	0.042	0.045	0.048	25
814	100000	122.850123	-0.001	0.001	0.003	25
4880	600000	122.950820	0.055	0.058	0.061	25
8133	1000000	122.955859	0.097	0.099	0.101	25
754	100000	132.625995	-0.000	0.002	0.004	25
700	98279	140.398571	-0.000	0.002	0.004	25
706	100000	141.643059	0.000	0.000	0.000	25
665	100000	150.375940	-0.001	0.001	0.002	25
631	100000	158.478605	-0.001	0.001	0.002	25
6306	1000000	158.579131	0.093	0.096	0.099	25
602	100000	166.112957	-0.001	0.001	0.002	25
577	100000	173.310225	-0.000	0.002	0.004	25
3455	600000	173.661360	0.051	0.054	0.058	25
700	122674	175.248571	0.002	0.005	0.008	25
554	100000	180.505415	-0.000	0.002	0.004	25
534	100000	187.265918	-0.001	0.001	0.002	25
516	100000	193.798450	-0.000	0.002	0.005	25
500	100000	200.000000	-0.001	0.001	0.003	25
485	100000	206.185567	-0.000	0.002	0.004	25
700	147069	210.098571	0.008	0.010	0.011	25
471	100000	212.314225	-0.000	0.002	0.004	25
2823	600000	212.539851	0.053	0.056	0.058	25
459	100000	217.864924	-0.000	0.002	0.004	25
448	100000	223.214286	-0.001	0.001	0.002	25
4463	1000000	224.064531	0.092	0.095	0.098	25
44622	10000000	224.104702	1.135	1.153	1.171	25
4473	1004187	224.499665	0.090	0.094	0.097	25
700	171464	244.948571	0.009	0.010	0.012	25
2445	600000	245.398773	0.050	0.054	0.057	25
2188	600000	274.223035	0.050	0.053	0.056	25
3646	1000000	274.273176	0.090	0.094	0.097	25
700	195859	279.798571	0.009	0.010	0.012	25
1998	600000	300.300300	0.047	0.050	0.053	25
700	220254	314.648571	0.013	0.016	0.018	25
3158	1000000	316.656111	0.087	0.090	0.093	25
1850	600000	324.324324	0.049	0.051	0.053	25
700	232452	332.074286	0.014	0.017	0.019	25
1731	600000	346.620451	0.052	0.054	0.057	25
700	244650	349.500000	0.012	0.015	0.018	25
2825	1000000	353.982301	0.087	0.090	0.093	25
1632	600000	367.647059	0.050	0.053	0.056	25
2580	1000000	387.596899	0.088	0.091	0.095	25
1548	600000	387.596899	0.049	0.051	0.054	25
25788	10000000	387.777261	1.076	1.086	1.097	25
1476	600000	406.504065	0.045	0.048	0.051	25
2389	1000000	418.585182	0.085	0.089	0.093	25
1414	600000	424.328147	0.048	0.051	0.054	25
1358	600000	441.826215	0.046	0.049	0.052	25
2235	1000000	447.427293	0.086	0.088	0.091	25
4473	2003903	447.999776	0.181	0.184	0.188	25
1309	600000	458.365164	0.046	0.048	0.051	25
1265	600000	474.308300	0.045	0.048	0.051	25
2107	1000000	474.608448	0.084	0.088	0.092	25
1224	600000	490.196078	0.043	0.046	0.048	25
1999	1000000	500.250125	0.083	0.086	0.090	25
19981	10000000	500.475452	1.038	1.052	1.067	25
1188	600000	505.050505	0.042	0.045	0.048	25
1155	600000	519.480519	0.042	0.044	0.047	25
1906	1000000	524.658972	0.085	0.088	0.090	25
1124	600000	533.807829	0.041	0.043	0.046	25
1096	600000	547.445255	0.040	0.042	0.044	25
1825	1000000	547.945205	0.083	0.086	0.090	25
1754	1000000	570.125428	0.083	0.086	0.089	25
1690	1000000	591.715976	0.082	0.086	0.090	25
1633	1000000	612.369871	0.080	0.084	0.088	25
1581	1000000	632.511069	0.083	0.086	0.088	25
1534	1000000	651.890482	0.080	0.083	0.086	25
1491	1000000	670.690812	0.080	0.082	0.085	25
4473	3003618	671.499665	0.268	0.272	0.277	25
1451	1000000	689.179876	0.080	0.083	0.085	25
1415	1000000	706.713781	0.082	0.084	0.087	25
14133	10000000	707.563858	0.985	0.994	1.003	25
11541	10000000	866.476042	0.931	0.938	0.946	20
4473	4003334	894.999776	0.357	0.363	0.370	25
9996	10000000	1000.400160	0.880	0.889	0.898	25
8941	10000000	1118.443127	0.875	0.884	0.893	25
4473	5003050	1118.499888	0.444	0.450	0.455	25
8163	10000000	1225.039814	0.876	0.884	0.892	25
7557	10000000	1323.276432	0.877	0.886	0.896	25
4473	6002765	1341.999776	0.528	0.535	0.542	25
7070	10000000	1414.427157	0.877	0.886	0.895	25
6665	10000000	1500.375094	0.880	0.887	0.894	25
4473	7002481	1565.499888	0.622	0.631	0.641	25
6324	10000000	1581.277672	0.882	0.889	0.897	25
6029	10000000	1658.649859	0.878	0.888	0.898	25
5773	10000000	1732.201628	0.875	0.884	0.893	25
4473	8002196	1788.999776	0.703	0.712	0.720	25
5546	10000000	1803.101334	0.875	0.885	0.895	25
5345	10000000	1870.907390	0.882	0.890	0.898	25
5164	10000000	1936.483346	0.877	0.885	0.893	25
5000	10000000	2000.000000	0.878	0.886	0.893	25
4473	9001912	2012.499888	0.792	0.804	0.817	25
4851	10000000	2061.430633	0.874	0.882	0.890	25
4714	10000000	2121.340687	0.875	0.884	0.892	25
4473	9501770	2124.249944	0.834	0.842	0.850	25
4588	10000000	2179.598954	0.880	0.887	0.895	25
4473	10000000	2235.636038	0.879	0.890	0.900	25
4473	10001628	2236.000000	0.807	0.814	0.822	25
