#|V|	|E|	pom	Lower	Average	Upper	#Runs  (Lower/Upper from 99% CI)
20000	100000	0.000400	0.012	0.015	0.018	25
2000	100000	0.049074	0.000	0.003	0.006	25
666	100000	0.449928	-0.001	0.001	0.002	25
448	100128	1.000000	-0.001	0.000	0.002	25
1333	200000	0.224117	0.010	0.013	0.016	25
40000	200000	0.000200	0.039	0.044	0.048	25
4000	200000	0.024519	0.015	0.017	0.020	25
633	200028	1.000000	0.008	0.010	0.012	25
2000	300000	0.149224	0.020	0.022	0.024	25
60000	300000	0.000133	0.074	0.078	0.082	25
6000	300000	0.016342	0.023	0.027	0.030	25
776	300700	1.000000	0.014	0.017	0.020	25
2666	400000	0.111932	0.030	0.034	0.037	25
80000	400000	0.000100	0.119	0.125	0.131	25
8000	400000	0.012255	0.037	0.040	0.043	25
895	400065	1.000000	0.017	0.020	0.022	25
100000	500000	0.000080	0.165	0.172	0.179	25
10000	500000	0.009803	0.049	0.052	0.055	25
3333	500000	0.089499	0.038	0.041	0.044	25
1001	500500	1.000000	0.025	0.028	0.031	25
120000	600000	0.000067	0.217	0.222	0.226	25
12000	600000	0.008169	0.058	0.062	0.067	25
4000	600000	0.074556	0.049	0.053	0.057	25
1096	600060	1.000000	0.036	0.039	0.042	25
200000	1000000	0.000040	0.458	0.463	0.468	25
20000	1000000	0.004901	0.113	0.117	0.121	25
6666	1000000	0.044729	0.093	0.096	0.099	25
1415	1000405	1.000000	0.058	0.062	0.066	25
13333	2000000	0.022356	0.203	0.211	0.219	25
400000	2000000	0.000020	1.151	1.161	1.172	25
40000	2000000	0.002450	0.258	0.266	0.273	25
2001	2001000	1.000000	0.130	0.136	0.142	25
20000	3000000	0.014902	0.328	0.336	0.344	25
600000	3000000	0.000013	1.893	1.908	1.924	25
60000	3000000	0.001633	0.432	0.441	0.450	25
2450	3000025	1.000000	0.196	0.203	0.211	25
26666	4000000	0.011177	0.448	0.464	0.481	25
800000	4000000	0.000010	2.656	2.670	2.683	25
80000	4000000	0.001225	0.642	0.655	0.668	25
2829	4000206	1.000000	0.265	0.275	0.286	25
1000000	5000000	0.000008	3.470	3.511	3.552	25
100000	5000000	0.000980	0.879	0.889	0.899	25
33333	5000000	0.008941	0.584	0.594	0.605	25
3333	5000000	0.900390	0.461	0.471	0.480	25
3163	5000703	1.000000	0.341	0.349	0.357	25
1200000	6000000	0.000007	4.322	4.342	4.363	25
120000	6000000	0.000817	1.182	1.196	1.210	25
40000	6000000	0.007451	0.732	0.740	0.749	25
4000	6000000	0.750063	0.555	0.566	0.577	25
3465	6001380	1.000000	0.412	0.427	0.443	25
1400000	7000000	0.000006	5.167	5.189	5.210	25
140000	7000000	0.000700	1.518	1.560	1.603	25
46666	7000000	0.006386	0.869	0.922	0.975	25
4666	7000000	0.643026	0.654	0.672	0.691	25
3743	7003153	1.000000	0.488	0.500	0.513	25
1600000	8000000	0.000005	6.024	6.046	6.068	25
160000	8000000	0.000613	1.844	1.862	1.880	25
53333	8000000	0.005588	1.030	1.048	1.066	25
5333	8000000	0.562512	0.755	0.766	0.776	25
4001	8002000	1.000000	0.556	0.567	0.578	25
1800000	9000000	0.000004	6.906	6.935	6.964	25
180000	9000000	0.000544	2.213	2.238	2.263	25
60000	9000000	0.004967	1.208	1.226	1.244	25
6000	9000000	0.499917	0.867	0.877	0.887	25
4244	9003646	1.000000	0.633	0.643	0.653	25
2000000	10000000	0.000004	7.838	8.003	8.169	25
200000	10000000	0.000490	2.608	2.666	2.725	25
6666	10000000	0.449993	0.968	0.983	0.998	25
66666	10000000	0.004470	1.379	1.460	1.540	25
4473	10001628	1.000000	0.701	0.716	0.732	25
