#|V|	|E|	pom	Lower	Average	Upper	#Runs  (Lower/Upper from 99% CI)
20000	100000	0.000400	0.016	0.018	0.020	25
2000	100000	0.049074	-0.001	0.002	0.005	25
666	100000	0.449928	-0.001	0.001	0.002	25
448	100128	1.000000	-0.001	0.002	0.005	25
1333	200000	0.224117	0.008	0.010	0.013	25
40000	200000	0.000200	0.033	0.036	0.039	25
4000	200000	0.024519	0.008	0.010	0.012	25
633	200028	1.000000	0.006	0.009	0.012	25
2000	300000	0.149224	0.015	0.019	0.023	25
60000	300000	0.000133	0.055	0.059	0.063	25
6000	300000	0.016342	0.019	0.022	0.025	25
776	300700	1.000000	0.016	0.018	0.020	25
2666	400000	0.111932	0.023	0.026	0.029	25
80000	400000	0.000100	0.074	0.078	0.081	25
8000	400000	0.012255	0.026	0.030	0.034	25
895	400065	1.000000	0.019	0.022	0.025	25
100000	500000	0.000080	0.094	0.099	0.104	25
10000	500000	0.009803	0.031	0.034	0.038	25
3333	500000	0.089499	0.030	0.034	0.037	25
1001	500500	1.000000	0.026	0.029	0.032	25
120000	600000	0.000067	0.124	0.126	0.129	25
12000	600000	0.008169	0.043	0.048	0.053	25
4000	600000	0.074556	0.039	0.042	0.044	25
1096	600060	1.000000	0.036	0.039	0.041	25
200000	1000000	0.000040	0.219	0.227	0.235	25
20000	1000000	0.004901	0.081	0.088	0.094	25
6666	1000000	0.044729	0.069	0.073	0.077	25
1415	1000405	1.000000	0.059	0.065	0.070	25
13333	2000000	0.022356	0.153	0.162	0.170	25
400000	2000000	0.000020	0.488	0.497	0.507	25
40000	2000000	0.002450	0.182	0.193	0.204	25
2001	2001000	1.000000	0.140	0.144	0.149	25
20000	3000000	0.014902	0.239	0.249	0.258	25
600000	3000000	0.000013	0.779	0.789	0.800	25
60000	3000000	0.001633	0.270	0.288	0.305	25
2450	3000025	1.000000	0.208	0.214	0.220	25
26666	4000000	0.011177	0.317	0.326	0.335	25
800000	4000000	0.000010	1.074	1.086	1.099	25
80000	4000000	0.001225	0.401	0.412	0.422	25
2829	4000206	1.000000	0.287	0.296	0.305	25
1000000	5000000	0.000008	1.381	1.396	1.411	25
100000	5000000	0.000980	0.502	0.514	0.527	25
33333	5000000	0.008941	0.417	0.428	0.439	25
3333	5000000	0.900390	0.369	0.385	0.401	25
3163	5000703	1.000000	0.348	0.361	0.374	25
1200000	6000000	0.000007	1.737	1.757	1.778	25
120000	6000000	0.000817	0.636	0.657	0.678	25
40000	6000000	0.007451	0.490	0.508	0.527	25
4000	6000000	0.750063	0.448	0.460	0.473	25
3465	6001380	1.000000	0.426	0.438	0.449	25
1400000	7000000	0.000006	2.090	2.120	2.149	25
140000	7000000	0.000700	0.776	0.789	0.801	25
46666	7000000	0.006386	0.586	0.598	0.610	25
4666	7000000	0.643026	0.528	0.548	0.568	25
3743	7003153	1.000000	0.500	0.514	0.527	25
1600000	8000000	0.000005	2.415	2.435	2.455	25
160000	8000000	0.000613	0.865	0.887	0.909	25
53333	8000000	0.005588	0.653	0.670	0.687	25
5333	8000000	0.562512	0.603	0.619	0.635	25
4001	8002000	1.000000	0.575	0.591	0.608	25
1800000	9000000	0.000004	2.761	2.780	2.800	25
180000	9000000	0.000544	1.034	1.058	1.081	25
60000	9000000	0.004967	0.736	0.752	0.768	25
6000	9000000	0.499917	0.672	0.685	0.698	25
4244	9003646	1.000000	0.620	0.645	0.671	25
2000000	10000000	0.000004	3.098	3.124	3.150	25
200000	10000000	0.000490	1.091	1.124	1.158	25
6666	10000000	0.449993	0.749	0.770	0.790	25
66666	10000000	0.004470	0.820	0.846	0.871	25
4473	10001628	1.000000	0.707	0.742	0.777	25
