#|V|	|E|	pom	Lower	Average	Upper	#Runs  (Lower/Upper from 99% CI)
4473	304386	0.030000	0.042	0.045	0.048	25
4473	504329	0.050000	0.077	0.079	0.081	25
4473	1004187	0.100000	0.159	0.161	0.164	25
4473	2003903	0.200000	0.330	0.334	0.338	25
4473	3003618	0.300000	0.504	0.508	0.511	25
4473	4003334	0.400000	0.678	0.682	0.686	25
4473	5003050	0.500000	0.852	0.857	0.862	25
4473	6002765	0.600000	1.025	1.033	1.041	25
4473	7002481	0.700000	1.200	1.206	1.212	25
4473	8002196	0.800000	1.377	1.388	1.398	25
4473	9001912	0.900000	1.558	1.567	1.577	25
4473	9501770	0.950000	1.639	1.649	1.660	25
4473	10000000	0.999837	1.733	1.743	1.753	25
4473	10001628	1.000000	1.654	1.664	1.673	25
