#|V|	|E|	pom	Lower	Average	Upper	#Runs  (Lower/Upper from 99% CI)
4473	304386	0.030000	0.040	0.043	0.046	25
4473	504329	0.050000	0.076	0.078	0.080	25
4473	1004187	0.100000	0.157	0.160	0.163	25
4473	2003903	0.200000	0.326	0.330	0.334	25
4473	3003618	0.300000	0.499	0.504	0.510	25
4473	4003334	0.400000	0.672	0.677	0.682	25
4473	5003050	0.500000	0.843	0.854	0.866	25
4473	6002765	0.600000	1.021	1.027	1.034	25
4473	7002481	0.700000	1.196	1.203	1.210	25
4473	8002196	0.800000	1.369	1.378	1.387	25
4473	9001912	0.900000	1.549	1.554	1.560	25
4473	9501770	0.950000	1.641	1.649	1.658	25
4473	10000000	0.999837	1.724	1.733	1.742	25
4473	10001628	1.000000	1.636	1.646	1.656	25
