#|V|	|E|	pom	Lower	Average	Upper	#Runs  (Lower/Upper from 99% CI)
4374	100000	0.010003	0.105	0.112	0.118	25
250	1175	0.029991	0.000	0.000	0.000	25
700	8017	0.029998	0.000	0.000	0.000	25
4473	304386	0.030000	0.123	0.128	0.133	25
6292	600000	0.030008	0.252	0.260	0.269	25
2550	100000	0.030009	0.036	0.039	0.041	25
250	1792	0.049974	0.000	0.000	0.000	25
700	12896	0.049998	0.000	0.000	0.000	25
4473	504329	0.050000	0.141	0.148	0.154	25
6306	1000000	0.050001	0.294	0.300	0.306	25
4880	600000	0.050011	0.169	0.174	0.178	25
1981	100000	0.050030	0.022	0.025	0.028	25
250	3336	0.099981	0.000	0.000	0.000	25
700	25094	0.100000	0.000	0.000	0.000	25
4473	1004187	0.100000	0.183	0.188	0.193	25
4463	1000000	0.100029	0.181	0.188	0.195	25
3455	600000	0.100036	0.106	0.110	0.114	25
1405	100000	0.100107	0.013	0.016	0.018	25
3646	1000000	0.150027	0.145	0.149	0.153	25
2823	600000	0.150028	0.081	0.086	0.092	25
1149	100000	0.150145	0.006	0.008	0.010	25
250	6424	0.199994	0.000	0.000	0.000	25
700	49489	0.199999	0.000	0.000	0.000	25
4473	2003903	0.200000	0.261	0.267	0.273	25
3158	1000000	0.200099	0.126	0.130	0.134	25
2445	600000	0.200163	0.073	0.076	0.079	25
996	100000	0.200206	0.004	0.007	0.009	25
2188	600000	0.250090	0.063	0.068	0.072	25
2825	1000000	0.250165	0.112	0.116	0.121	25
891	100000	0.250528	0.002	0.005	0.008	25
250	9511	0.299974	0.000	0.000	0.000	25
700	73884	0.299999	0.000	0.000	0.000	25
4473	3003618	0.300000	0.337	0.342	0.347	25
2580	1000000	0.300037	0.107	0.111	0.116	25
1998	600000	0.300051	0.060	0.063	0.066	25
814	100000	0.300496	0.001	0.004	0.006	25
2389	1000000	0.350030	0.101	0.104	0.107	25
7557	10000000	0.350086	1.098	1.124	1.149	25
1850	600000	0.350108	0.055	0.058	0.061	25
754	100000	0.350538	-0.000	0.002	0.005	25
250	12599	0.399987	0.000	0.000	0.000	25
700	98279	0.399998	-0.000	0.002	0.004	25
4473	4003334	0.400000	0.421	0.426	0.432	25
7070	10000000	0.400008	1.063	1.075	1.087	25
1731	600000	0.400024	0.056	0.058	0.061	25
2235	1000000	0.400025	0.096	0.099	0.102	25
706	100000	0.400125	-0.000	0.002	0.004	25
6665	10000000	0.450128	1.028	1.038	1.047	25
1632	600000	0.450150	0.052	0.055	0.058	25
2107	1000000	0.450198	0.092	0.096	0.099	25
665	100000	0.451289	-0.000	0.002	0.004	25
700	122674	0.499998	0.001	0.003	0.006	25
4473	5003050	0.500000	0.498	0.505	0.512	25
6324	10000000	0.500009	1.008	1.022	1.037	25
1999	1000000	0.500251	0.090	0.094	0.097	25
1548	600000	0.500449	0.049	0.053	0.057	25
631	100000	0.501527	-0.001	0.001	0.003	25
6029	10000000	0.550166	0.978	0.993	1.007	25
1906	1000000	0.550351	0.086	0.089	0.093	25
1476	600000	0.550583	0.045	0.048	0.051	25
602	100000	0.551298	-0.000	0.002	0.004	25
700	147069	0.599998	0.003	0.006	0.008	25
4473	6002765	0.600000	0.571	0.580	0.590	25
1414	600000	0.600040	0.044	0.048	0.051	25
5773	10000000	0.600070	0.970	0.977	0.984	25
1825	1000000	0.600379	0.082	0.086	0.089	25
577	100000	0.600386	0.000	0.000	0.000	25
1754	1000000	0.650058	0.082	0.085	0.089	25
5546	10000000	0.650226	0.956	0.964	0.973	25
1358	600000	0.650666	0.043	0.046	0.049	25
554	100000	0.651565	0.000	0.000	0.000	25
700	171464	0.699997	0.006	0.008	0.010	25
4473	7002481	0.700000	0.648	0.658	0.667	25
5345	10000000	0.700078	0.945	0.954	0.963	25
1690	1000000	0.700316	0.081	0.084	0.086	25
1309	600000	0.700406	0.041	0.044	0.046	25
534	100000	0.701569	0.000	0.000	0.000	25
5164	10000000	0.750042	0.926	0.932	0.939	25
1265	600000	0.750093	0.040	0.043	0.046	25
1633	1000000	0.750147	0.080	0.082	0.084	25
516	100000	0.751653	0.000	0.000	0.000	25
700	195859	0.799997	0.009	0.010	0.012	25
4473	8002196	0.800000	0.728	0.733	0.738	25
5000	10000000	0.800080	0.923	0.934	0.945	25
1581	1000000	0.800394	0.076	0.079	0.081	25
500	100000	0.800806	0.000	0.000	0.000	25
1224	600000	0.801304	0.040	0.042	0.044	25
4851	10000000	0.850013	0.913	0.919	0.925	25
1534	1000000	0.850282	0.076	0.079	0.082	25
1188	600000	0.850718	0.039	0.041	0.044	25
485	100000	0.851394	-0.001	0.000	0.002	25
700	220254	0.899996	0.009	0.011	0.012	25
4473	9001912	0.900000	0.807	0.815	0.824	25
1491	1000000	0.900122	0.076	0.079	0.082	25
1155	600000	0.900140	0.038	0.040	0.041	25
4714	10000000	0.900166	0.905	0.915	0.924	25
471	100000	0.903053	0.000	0.000	0.000	25
700	232452	0.949998	0.009	0.010	0.012	25
4473	9501770	0.950000	0.845	0.854	0.864	25
4588	10000000	0.950316	0.895	0.902	0.909	25
1451	1000000	0.950525	0.075	0.078	0.080	25
1124	600000	0.950594	0.040	0.040	0.040	25
459	100000	0.951162	0.000	0.000	0.000	25
448	100000	0.998716	0.000	0.000	0.000	25
1415	1000000	0.999595	0.074	0.077	0.079	25
4473	10000000	0.999837	0.893	0.902	0.911	25
1096	600000	0.999900	0.038	0.040	0.041	25
700	244650	1.000000	0.009	0.011	0.013	25
4473	10001628	1.000000	0.697	0.705	0.713	25
