#|V|	|E|	pom	Lower	Average	Upper	#Runs  (Lower/Upper from 99% CI)
4473	304386	0.030000	0.021	0.024	0.026	25
4473	504329	0.050000	0.041	0.043	0.046	25
4473	1004187	0.100000	0.083	0.087	0.091	25
4473	2003903	0.200000	0.179	0.184	0.188	25
4473	3003618	0.300000	0.261	0.265	0.269	25
4473	4003334	0.400000	0.343	0.352	0.361	25
4473	5003050	0.500000	0.437	0.447	0.458	25
4473	6002765	0.600000	0.521	0.534	0.547	25
4473	7002481	0.700000	0.634	0.649	0.664	25
4473	8002196	0.800000	0.720	0.729	0.738	25
4473	9001912	0.900000	0.823	0.839	0.855	25
4473	9501770	0.950000	0.846	0.862	0.877	25
4473	10000000	0.999837	0.924	0.936	0.949	25
4473	10001628	1.000000	0.840	0.856	0.873	25
