#|V|	|E|	pom	Lower	Average	Upper	#Runs  (Lower/Upper from 99% CI)
4374	100000	0.010003	0.324	0.330	0.336	25
250	1175	0.029991	0.000	0.000	0.000	25
700	8017	0.029998	0.000	0.000	0.000	25
4473	304386	0.030000	0.360	0.365	0.371	25
6292	600000	0.030008	0.768	0.774	0.781	25
2550	100000	0.030009	0.085	0.089	0.093	25
250	1792	0.049974	0.000	0.000	0.000	25
700	12896	0.049998	0.000	0.000	0.000	25
4473	504329	0.050000	0.374	0.380	0.386	25
6306	1000000	0.050001	0.794	0.801	0.809	25
4880	600000	0.050011	0.458	0.463	0.468	25
1981	100000	0.050030	0.040	0.042	0.044	25
250	3336	0.099981	0.000	0.000	0.000	25
700	25094	0.100000	0.000	0.000	0.000	25
4473	1004187	0.100000	0.409	0.414	0.419	25
4463	1000000	0.100029	0.407	0.413	0.419	25
3455	600000	0.100036	0.222	0.226	0.230	25
1405	100000	0.100107	0.018	0.020	0.021	25
3646	1000000	0.150027	0.276	0.280	0.284	25
2823	600000	0.150028	0.148	0.152	0.155	25
1149	100000	0.150145	0.010	0.012	0.014	25
250	6424	0.199994	0.000	0.000	0.000	25
700	49489	0.199999	0.000	0.000	0.000	25
4473	2003903	0.200000	0.478	0.484	0.490	25
3158	1000000	0.200099	0.212	0.218	0.223	25
2445	600000	0.200163	0.111	0.114	0.118	25
996	100000	0.200206	0.008	0.010	0.011	25
2188	600000	0.250090	0.090	0.094	0.097	25
2825	1000000	0.250165	0.175	0.178	0.182	25
891	100000	0.250528	0.006	0.008	0.011	25
250	9511	0.299974	0.000	0.000	0.000	25
700	73884	0.299999	-0.001	0.000	0.002	25
4473	3003618	0.300000	0.542	0.549	0.555	25
2580	1000000	0.300037	0.152	0.155	0.158	25
1998	600000	0.300051	0.078	0.079	0.081	25
814	100000	0.300496	0.003	0.006	0.008	25
2389	1000000	0.350030	0.136	0.139	0.141	25
7557	10000000	0.350086	1.765	1.777	1.788	25
1850	600000	0.350108	0.068	0.071	0.074	25
754	100000	0.350538	-0.000	0.002	0.004	25
250	12599	0.399987	0.000	0.000	0.000	25
700	98279	0.399998	-0.000	0.002	0.004	25
4473	4003334	0.400000	0.614	0.620	0.627	25
7070	10000000	0.400008	1.619	1.626	1.634	25
1731	600000	0.400024	0.060	0.062	0.065	25
2235	1000000	0.400025	0.119	0.123	0.127	25
706	100000	0.400125	0.002	0.004	0.007	25
6665	10000000	0.450128	1.509	1.518	1.527	25
1632	600000	0.450150	0.056	0.059	0.062	25
2107	1000000	0.450198	0.108	0.112	0.116	25
665	100000	0.451289	0.000	0.003	0.005	25
700	122674	0.499998	0.005	0.007	0.010	25
4473	5003050	0.500000	0.680	0.688	0.696	25
6324	10000000	0.500009	1.421	1.428	1.436	25
1999	1000000	0.500251	0.101	0.104	0.106	25
1548	600000	0.500449	0.052	0.056	0.059	25
631	100000	0.501527	-0.001	0.001	0.003	25
6029	10000000	0.550166	1.346	1.356	1.365	25
1906	1000000	0.550351	0.096	0.098	0.101	25
1476	600000	0.550583	0.051	0.054	0.056	25
602	100000	0.551298	-0.000	0.002	0.004	25
700	147069	0.599998	0.008	0.009	0.011	25
4473	6002765	0.600000	0.755	0.762	0.768	25
1414	600000	0.600040	0.047	0.050	0.054	25
5773	10000000	0.600070	1.296	1.304	1.311	25
1825	1000000	0.600379	0.092	0.095	0.098	25
577	100000	0.600386	-0.001	0.000	0.002	25
1754	1000000	0.650058	0.089	0.092	0.095	25
5546	10000000	0.650226	1.228	1.262	1.295	25
1358	600000	0.650666	0.046	0.048	0.050	25
554	100000	0.651565	-0.000	0.002	0.005	25
700	171464	0.699997	0.008	0.010	0.012	25
4473	7002481	0.700000	0.819	0.828	0.837	25
5345	10000000	0.700078	1.187	1.197	1.206	25
1690	1000000	0.700316	0.084	0.087	0.090	25
1309	600000	0.700406	0.042	0.045	0.048	25
534	100000	0.701569	-0.001	0.001	0.003	25
5164	10000000	0.750042	1.156	1.164	1.171	25
1265	600000	0.750093	0.042	0.045	0.048	25
1633	1000000	0.750147	0.080	0.083	0.085	25
516	100000	0.751653	-0.001	0.000	0.002	25
700	195859	0.799997	0.009	0.011	0.012	25
4473	8002196	0.800000	0.893	0.899	0.905	25
5000	10000000	0.800080	1.129	1.144	1.160	25
1581	1000000	0.800394	0.080	0.082	0.084	25
500	100000	0.800806	0.000	0.000	0.000	25
1224	600000	0.801304	0.040	0.042	0.044	25
4851	10000000	0.850013	1.094	1.103	1.113	25
1534	1000000	0.850282	0.078	0.080	0.081	25
1188	600000	0.850718	0.040	0.042	0.044	25
485	100000	0.851394	0.000	0.000	0.000	25
700	220254	0.899996	0.009	0.010	0.012	25
4473	9001912	0.900000	0.952	0.961	0.969	25
1491	1000000	0.900122	0.078	0.080	0.082	25
1155	600000	0.900140	0.039	0.041	0.042	25
4714	10000000	0.900166	1.069	1.076	1.084	25
471	100000	0.903053	0.000	0.000	0.000	25
700	232452	0.949998	0.010	0.012	0.014	25
4473	9501770	0.950000	0.988	0.996	1.004	25
4588	10000000	0.950316	1.050	1.058	1.066	25
1451	1000000	0.950525	0.076	0.078	0.081	25
1124	600000	0.950594	0.040	0.040	0.040	25
459	100000	0.951162	-0.001	0.000	0.002	25
448	100000	0.998716	0.000	0.000	0.000	25
1415	1000000	0.999595	0.074	0.076	0.079	25
4473	10000000	0.999837	1.028	1.037	1.047	25
1096	600000	0.999900	0.038	0.039	0.041	25
700	244650	1.000000	0.009	0.011	0.012	25
4473	10001628	1.000000	0.911	0.918	0.925	25
