#|V|	|E|	pom	Lower	Average	Upper	#Runs  (Lower/Upper from 99% CI)
44622	10000000	0.010000	0.991	1.010	1.030	25
10856	600000	0.010001	0.056	0.060	0.064	25
14043	1000000	0.010001	0.098	0.102	0.105	25
4374	100000	0.010003	0.004	0.006	0.009	25
250	1175	0.029991	0.000	0.000	0.000	25
700	8017	0.029998	0.000	0.000	0.000	25
4473	304386	0.030000	0.021	0.024	0.026	25
25788	10000000	0.030000	0.991	1.021	1.051	25
8133	1000000	0.030001	0.085	0.089	0.093	25
6292	600000	0.030008	0.051	0.054	0.057	25
2550	100000	0.030009	0.004	0.006	0.009	25
250	1792	0.049974	0.000	0.000	0.000	25
700	12896	0.049998	0.000	0.000	0.000	25
4473	504329	0.050000	0.041	0.043	0.046	25
6306	1000000	0.050001	0.082	0.085	0.088	25
19981	10000000	0.050003	0.973	0.997	1.021	25
4880	600000	0.050011	0.050	0.053	0.056	25
1981	100000	0.050030	0.002	0.005	0.008	25
250	3336	0.099981	0.000	0.000	0.000	25
700	25094	0.100000	0.000	0.000	0.000	25
4473	1004187	0.100000	0.083	0.087	0.091	25
14133	10000000	0.100009	0.996	1.018	1.040	25
4463	1000000	0.100029	0.083	0.086	0.088	25
3455	600000	0.100036	0.049	0.052	0.054	25
1405	100000	0.100107	0.001	0.003	0.006	25
11541	10000000	0.150022	0.910	0.932	0.955	20
3646	1000000	0.150027	0.082	0.086	0.089	25
2823	600000	0.150028	0.049	0.052	0.055	25
1149	100000	0.150145	-0.000	0.002	0.004	25
250	6424	0.199994	0.000	0.000	0.000	25
700	49489	0.199999	0.000	0.000	0.000	25
4473	2003903	0.200000	0.179	0.184	0.188	25
9996	10000000	0.200020	0.849	0.874	0.900	25
3158	1000000	0.200099	0.087	0.090	0.094	25
2445	600000	0.200163	0.049	0.051	0.054	25
996	100000	0.200206	-0.001	0.001	0.002	25
8941	10000000	0.250043	0.876	0.895	0.914	25
2188	600000	0.250090	0.050	0.053	0.057	25
2825	1000000	0.250165	0.086	0.091	0.096	25
891	100000	0.250528	-0.000	0.002	0.004	25
250	9511	0.299974	0.000	0.000	0.000	25
700	73884	0.299999	0.000	0.000	0.000	25
4473	3003618	0.300000	0.261	0.265	0.269	25
8163	10000000	0.300010	0.873	0.889	0.904	25
2580	1000000	0.300037	0.084	0.088	0.093	25
1998	600000	0.300051	0.050	0.052	0.055	25
814	100000	0.300496	-0.001	0.001	0.002	25
2389	1000000	0.350030	0.089	0.091	0.094	25
7557	10000000	0.350086	0.886	0.902	0.918	25
1850	600000	0.350108	0.048	0.050	0.053	25
754	100000	0.350538	-0.000	0.002	0.004	25
250	12599	0.399987	0.000	0.000	0.000	25
700	98279	0.399998	-0.001	0.001	0.002	25
4473	4003334	0.400000	0.343	0.352	0.361	25
7070	10000000	0.400008	0.895	0.918	0.941	25
1731	600000	0.400024	0.049	0.052	0.055	25
2235	1000000	0.400025	0.087	0.090	0.094	25
706	100000	0.400125	0.000	0.000	0.000	25
6665	10000000	0.450128	0.904	0.919	0.935	25
1632	600000	0.450150	0.046	0.050	0.053	25
2107	1000000	0.450198	0.088	0.091	0.094	25
665	100000	0.451289	0.000	0.000	0.000	25
700	122674	0.499998	0.003	0.006	0.009	25
4473	5003050	0.500000	0.437	0.447	0.458	25
6324	10000000	0.500009	0.899	0.919	0.939	25
1999	1000000	0.500251	0.083	0.087	0.091	25
1548	600000	0.500449	0.046	0.049	0.052	25
631	100000	0.501527	-0.001	0.001	0.003	25
6029	10000000	0.550166	0.919	0.930	0.940	25
1906	1000000	0.550351	0.084	0.088	0.092	25
1476	600000	0.550583	0.047	0.050	0.052	25
602	100000	0.551298	-0.000	0.002	0.004	25
700	147069	0.599998	0.004	0.007	0.009	25
4473	6002765	0.600000	0.521	0.534	0.547	25
1414	600000	0.600040	0.047	0.050	0.053	25
5773	10000000	0.600070	0.895	0.910	0.925	25
1825	1000000	0.600379	0.084	0.089	0.094	25
577	100000	0.600386	-0.001	0.001	0.003	25
1754	1000000	0.650058	0.081	0.085	0.088	25
5546	10000000	0.650226	0.904	0.922	0.941	25
1358	600000	0.650666	0.044	0.047	0.050	25
554	100000	0.651565	-0.000	0.002	0.004	25
700	171464	0.699997	0.010	0.010	0.010	25
4473	7002481	0.700000	0.634	0.649	0.664	25
5345	10000000	0.700078	0.907	0.929	0.952	25
1690	1000000	0.700316	0.082	0.085	0.088	25
1309	600000	0.700406	0.044	0.047	0.050	25
534	100000	0.701569	-0.001	0.000	0.002	25
5164	10000000	0.750042	0.876	0.891	0.907	25
1265	600000	0.750093	0.045	0.048	0.050	25
1633	1000000	0.750147	0.083	0.087	0.091	25
516	100000	0.751653	-0.001	0.001	0.003	25
700	195859	0.799997	0.010	0.012	0.014	25
4473	8002196	0.800000	0.720	0.729	0.738	25
5000	10000000	0.800080	0.876	0.893	0.910	25
1581	1000000	0.800394	0.081	0.084	0.087	25
500	100000	0.800806	-0.001	0.001	0.002	25
1224	600000	0.801304	0.046	0.049	0.052	25
4851	10000000	0.850013	0.903	0.926	0.949	25
1534	1000000	0.850282	0.082	0.085	0.088	25
1188	600000	0.850718	0.042	0.045	0.048	25
485	100000	0.851394	-0.001	0.001	0.003	25
700	220254	0.899996	0.011	0.014	0.016	25
4473	9001912	0.900000	0.823	0.839	0.855	25
1491	1000000	0.900122	0.080	0.084	0.087	25
1155	600000	0.900140	0.041	0.044	0.047	25
4714	10000000	0.900166	0.925	0.937	0.950	25
471	100000	0.903053	-0.000	0.002	0.004	25
700	232452	0.949998	0.012	0.015	0.018	25
4473	9501770	0.950000	0.846	0.862	0.877	25
4588	10000000	0.950316	0.903	0.916	0.929	25
1451	1000000	0.950525	0.082	0.086	0.089	25
1124	600000	0.950594	0.041	0.044	0.048	25
459	100000	0.951162	-0.000	0.002	0.005	25
448	100000	0.998716	-0.001	0.000	0.002	25
1415	1000000	0.999595	0.085	0.088	0.092	25
4473	10000000	0.999837	0.924	0.936	0.949	25
1096	600000	0.999900	0.041	0.044	0.047	25
700	244650	1.000000	0.014	0.016	0.019	25
4473	10001628	1.000000	0.840	0.856	0.873	25
