#|V|	|E|	pom	Lower	Average	Upper	#Runs  (Lower/Upper from 99% CI)
4473	304386	0.030000	0.360	0.365	0.371	25
4473	504329	0.050000	0.374	0.380	0.386	25
4473	1004187	0.100000	0.409	0.414	0.419	25
4473	2003903	0.200000	0.478	0.484	0.490	25
4473	3003618	0.300000	0.542	0.549	0.555	25
4473	4003334	0.400000	0.614	0.620	0.627	25
4473	5003050	0.500000	0.680	0.688	0.696	25
4473	6002765	0.600000	0.755	0.762	0.768	25
4473	7002481	0.700000	0.819	0.828	0.837	25
4473	8002196	0.800000	0.893	0.899	0.905	25
4473	9001912	0.900000	0.952	0.961	0.969	25
4473	9501770	0.950000	0.988	0.996	1.004	25
4473	10000000	0.999837	1.028	1.037	1.047	25
4473	10001628	1.000000	0.911	0.918	0.925	25
