#|V|	|E|	pom	Lower	Average	Upper	#Runs  (Lower/Upper from 99% CI)
44622	10000000	0.010000	0.983	1.002	1.021	25
10856	600000	0.010001	0.052	0.056	0.060	25
14043	1000000	0.010001	0.098	0.101	0.104	25
4374	100000	0.010003	0.007	0.009	0.011	25
250	1175	0.029991	0.000	0.000	0.000	25
700	8017	0.029998	0.000	0.000	0.000	25
4473	304386	0.030000	0.021	0.023	0.026	25
25788	10000000	0.030000	0.982	1.010	1.038	25
8133	1000000	0.030001	0.084	0.087	0.090	25
6292	600000	0.030008	0.048	0.051	0.055	25
2550	100000	0.030009	0.004	0.007	0.009	25
250	1792	0.049974	0.000	0.000	0.000	25
700	12896	0.049998	0.000	0.000	0.000	25
4473	504329	0.050000	0.039	0.042	0.045	25
6306	1000000	0.050001	0.082	0.086	0.089	25
19981	10000000	0.050003	0.977	1.000	1.024	25
4880	600000	0.050011	0.049	0.053	0.057	25
1981	100000	0.050030	0.002	0.004	0.007	25
250	3336	0.099981	0.000	0.000	0.000	25
700	25094	0.100000	0.000	0.000	0.000	25
4473	1004187	0.100000	0.086	0.089	0.093	25
14133	10000000	0.100009	0.993	1.012	1.032	25
4463	1000000	0.100029	0.083	0.086	0.089	25
3455	600000	0.100036	0.050	0.053	0.056	25
1405	100000	0.100107	-0.000	0.002	0.004	25
11541	10000000	0.150022	0.907	0.928	0.950	20
3646	1000000	0.150027	0.085	0.087	0.090	25
2823	600000	0.150028	0.049	0.052	0.054	25
1149	100000	0.150145	-0.000	0.002	0.004	25
250	6424	0.199994	0.000	0.000	0.000	25
700	49489	0.199999	0.000	0.000	0.000	25
4473	2003903	0.200000	0.181	0.184	0.188	25
9996	10000000	0.200020	0.853	0.877	0.901	25
3158	1000000	0.200099	0.089	0.092	0.096	25
2445	600000	0.200163	0.050	0.054	0.057	25
996	100000	0.200206	-0.001	0.001	0.002	25
8941	10000000	0.250043	0.878	0.893	0.907	25
2188	600000	0.250090	0.049	0.052	0.055	25
2825	1000000	0.250165	0.085	0.089	0.093	25
891	100000	0.250528	-0.001	0.000	0.002	25
250	9511	0.299974	0.000	0.000	0.000	25
700	73884	0.299999	0.000	0.000	0.000	25
4473	3003618	0.300000	0.258	0.264	0.269	25
8163	10000000	0.300010	0.879	0.892	0.904	25
2580	1000000	0.300037	0.084	0.088	0.091	25
1998	600000	0.300051	0.050	0.053	0.057	25
814	100000	0.300496	-0.001	0.001	0.003	25
2389	1000000	0.350030	0.086	0.089	0.093	25
7557	10000000	0.350086	0.893	0.904	0.916	25
1850	600000	0.350108	0.049	0.051	0.054	25
754	100000	0.350538	0.000	0.000	0.000	25
250	12599	0.399987	0.000	0.000	0.000	25
700	98279	0.399998	-0.001	0.001	0.002	25
4473	4003334	0.400000	0.344	0.353	0.362	25
7070	10000000	0.400008	0.888	0.912	0.936	25
1731	600000	0.400024	0.046	0.050	0.053	25
2235	1000000	0.400025	0.086	0.089	0.093	25
706	100000	0.400125	-0.001	0.001	0.002	25
6665	10000000	0.450128	0.898	0.908	0.919	25
1632	600000	0.450150	0.046	0.050	0.053	25
2107	1000000	0.450198	0.086	0.090	0.094	25
665	100000	0.451289	-0.000	0.002	0.004	25
700	122674	0.499998	0.004	0.006	0.009	25
4473	5003050	0.500000	0.438	0.448	0.459	25
6324	10000000	0.500009	0.893	0.914	0.935	25
1999	1000000	0.500251	0.084	0.087	0.090	25
1548	600000	0.500449	0.044	0.048	0.051	25
631	100000	0.501527	-0.001	0.001	0.003	25
6029	10000000	0.550166	0.911	0.922	0.933	25
1906	1000000	0.550351	0.087	0.091	0.094	25
1476	600000	0.550583	0.045	0.049	0.052	25
602	100000	0.551298	-0.001	0.001	0.002	25
700	147069	0.599998	0.006	0.008	0.010	25
4473	6002765	0.600000	0.525	0.534	0.543	25
1414	600000	0.600040	0.046	0.050	0.053	25
5773	10000000	0.600070	0.897	0.914	0.931	25
1825	1000000	0.600379	0.083	0.087	0.091	25
577	100000	0.600386	-0.001	0.001	0.002	25
1754	1000000	0.650058	0.081	0.085	0.089	25
5546	10000000	0.650226	0.921	0.934	0.947	25
1358	600000	0.650666	0.045	0.048	0.051	25
554	100000	0.651565	-0.001	0.001	0.002	25
700	171464	0.699997	0.010	0.010	0.010	25
4473	7002481	0.700000	0.636	0.649	0.662	25
5345	10000000	0.700078	0.904	0.929	0.954	25
1690	1000000	0.700316	0.082	0.085	0.089	25
1309	600000	0.700406	0.045	0.048	0.051	25
534	100000	0.701569	-0.001	0.001	0.002	25
5164	10000000	0.750042	0.876	0.891	0.906	25
1265	600000	0.750093	0.043	0.046	0.048	25
1633	1000000	0.750147	0.083	0.087	0.091	25
516	100000	0.751653	0.001	0.003	0.006	25
700	195859	0.799997	0.010	0.012	0.014	25
4473	8002196	0.800000	0.719	0.730	0.740	25
5000	10000000	0.800080	0.873	0.888	0.902	25
1581	1000000	0.800394	0.082	0.085	0.088	25
500	100000	0.800806	-0.000	0.002	0.004	25
1224	600000	0.801304	0.045	0.048	0.050	25
4851	10000000	0.850013	0.897	0.920	0.942	25
1534	1000000	0.850282	0.084	0.087	0.090	25
1188	600000	0.850718	0.044	0.047	0.049	25
485	100000	0.851394	-0.001	0.001	0.003	25
700	220254	0.899996	0.012	0.015	0.018	25
4473	9001912	0.900000	0.824	0.837	0.851	25
1491	1000000	0.900122	0.082	0.085	0.088	25
1155	600000	0.900140	0.042	0.044	0.047	25
4714	10000000	0.900166	0.924	0.951	0.977	25
471	100000	0.903053	-0.000	0.002	0.005	25
700	232452	0.949998	0.013	0.016	0.018	25
4473	9501770	0.950000	0.846	0.860	0.875	25
4588	10000000	0.950316	0.899	0.910	0.921	25
1451	1000000	0.950525	0.083	0.086	0.090	25
1124	600000	0.950594	0.041	0.044	0.046	25
459	100000	0.951162	-0.001	0.001	0.002	25
448	100000	0.998716	-0.001	0.001	0.003	25
1415	1000000	0.999595	0.085	0.088	0.092	25
4473	10000000	0.999837	0.933	0.942	0.950	25
1096	600000	0.999900	0.042	0.045	0.048	25
700	244650	1.000000	0.012	0.015	0.018	25
4473	10001628	1.000000	0.833	0.853	0.872	25
