#|V|	|E|	pom	Lower	Average	Upper	#Runs  (Lower/Upper from 99% CI)
4473	304386	0.030000	0.046	0.048	0.050	25
4473	504329	0.050000	0.065	0.096	0.128	25
4473	1004187	0.100000	0.174	0.178	0.182	25
4473	2003903	0.200000	0.366	0.370	0.374	25
4473	3003618	0.300000	0.552	0.556	0.560	25
4473	4003334	0.400000	0.741	0.746	0.751	25
4473	5003050	0.500000	0.934	0.940	0.946	25
4473	6002765	0.600000	1.123	1.129	1.136	25
4473	7002481	0.700000	1.304	1.315	1.326	25
4473	8002196	0.800000	1.499	1.508	1.517	25
4473	9001912	0.900000	1.690	1.698	1.706	25
4473	9501770	0.950000	1.787	1.795	1.803	25
4473	10000000	0.999837	1.877	1.889	1.900	25
4473	10001628	1.000000	1.807	1.817	1.827	25
