#|V|	|E|	pom	Lower	Average	Upper	#Runs  (Lower/Upper from 99% CI)
10856	600000	0.010001	2.261	2.289	2.317	10
14043	1000000	0.010001	4.023	4.053	4.083	10
4374	100000	0.010003	0.316	0.322	0.328	25
250	1175	0.029991	0.000	0.000	0.000	25
700	8017	0.029998	0.000	0.000	0.000	25
4473	304386	0.030000	0.347	0.353	0.359	25
25788	10000000	0.030000	19.109	19.238	19.367	10
8133	1000000	0.030001	1.261	1.284	1.307	10
6292	600000	0.030008	0.744	0.752	0.761	25
2550	100000	0.030009	0.085	0.088	0.092	25
250	1792	0.049974	0.000	0.000	0.000	25
700	12896	0.049998	0.000	0.000	0.000	25
4473	504329	0.050000	0.319	0.356	0.393	25
6306	1000000	0.050001	0.768	0.777	0.786	25
19981	10000000	0.050003	10.492	10.563	10.634	10
4880	600000	0.050011	0.443	0.448	0.453	25
1981	100000	0.050030	0.039	0.041	0.042	25
250	3336	0.099981	0.000	0.000	0.000	25
700	25094	0.100000	0.000	0.000	0.000	25
4473	1004187	0.100000	0.394	0.400	0.406	25
14133	10000000	0.100009	4.823	4.874	4.925	10
4463	1000000	0.100029	0.394	0.400	0.406	25
3455	600000	0.100036	0.215	0.218	0.222	25
1405	100000	0.100107	0.018	0.020	0.021	25
11541	10000000	0.150022	3.275	3.296	3.317	5
3646	1000000	0.150027	0.266	0.270	0.275	25
2823	600000	0.150028	0.143	0.147	0.151	25
1149	100000	0.150145	0.010	0.012	0.014	25
250	6424	0.199994	0.000	0.000	0.000	25
700	49489	0.199999	0.000	0.000	0.000	25
4473	2003903	0.200000	0.464	0.470	0.475	25
9996	10000000	0.200020	2.532	2.563	2.594	10
3158	1000000	0.200099	0.212	0.216	0.220	25
2445	600000	0.200163	0.108	0.112	0.117	25
996	100000	0.200206	0.006	0.008	0.010	25
8941	10000000	0.250043	2.170	2.179	2.188	10
2188	600000	0.250090	0.093	0.096	0.099	25
2825	1000000	0.250165	0.172	0.176	0.180	25
891	100000	0.250528	0.005	0.008	0.011	25
250	9511	0.299974	0.000	0.000	0.000	25
700	73884	0.299999	-0.001	0.001	0.003	25
4473	3003618	0.300000	0.535	0.541	0.547	25
8163	10000000	0.300010	1.898	1.911	1.924	10
2580	1000000	0.300037	0.150	0.154	0.157	25
1998	600000	0.300051	0.076	0.078	0.080	25
814	100000	0.300496	0.005	0.008	0.010	25
2389	1000000	0.350030	0.130	0.135	0.140	25
7557	10000000	0.350086	1.711	1.720	1.728	25
1850	600000	0.350108	0.065	0.068	0.071	25
754	100000	0.350538	0.002	0.004	0.007	25
250	12599	0.399987	0.000	0.000	0.000	25
700	98279	0.399998	0.001	0.004	0.006	25
4473	4003334	0.400000	0.594	0.602	0.609	25
7070	10000000	0.400008	1.571	1.580	1.590	25
1731	600000	0.400024	0.059	0.061	0.063	25
2235	1000000	0.400025	0.120	0.123	0.125	25
706	100000	0.400125	-0.000	0.002	0.004	25
6665	10000000	0.450128	1.467	1.478	1.488	25
1632	600000	0.450150	0.055	0.057	0.060	25
2107	1000000	0.450198	0.112	0.115	0.118	25
665	100000	0.451289	-0.000	0.002	0.004	25
700	122674	0.499998	0.005	0.008	0.010	25
4473	5003050	0.500000	0.668	0.673	0.679	25
6324	10000000	0.500009	1.384	1.394	1.405	25
1999	1000000	0.500251	0.101	0.104	0.108	25
1548	600000	0.500449	0.055	0.057	0.060	25
631	100000	0.501527	-0.001	0.001	0.003	25
6029	10000000	0.550166	1.311	1.320	1.329	25
1906	1000000	0.550351	0.099	0.101	0.103	25
1476	600000	0.550583	0.050	0.053	0.055	25
602	100000	0.551298	-0.000	0.002	0.005	25
700	147069	0.599998	0.006	0.008	0.010	25
4473	6002765	0.600000	0.738	0.745	0.752	25
1414	600000	0.600040	0.049	0.052	0.055	25
5773	10000000	0.600070	1.256	1.267	1.278	25
1825	1000000	0.600379	0.095	0.098	0.100	25
577	100000	0.600386	-0.001	0.001	0.002	25
1754	1000000	0.650058	0.088	0.091	0.094	25
5546	10000000	0.650226	1.209	1.217	1.225	25
1358	600000	0.650666	0.045	0.048	0.051	25
554	100000	0.651565	-0.000	0.002	0.004	25
700	171464	0.699997	0.007	0.009	0.011	25
4473	7002481	0.700000	0.806	0.812	0.818	25
5345	10000000	0.700078	1.161	1.173	1.184	25
1690	1000000	0.700316	0.084	0.088	0.091	25
1309	600000	0.700406	0.042	0.045	0.048	25
534	100000	0.701569	0.000	0.000	0.000	25
5164	10000000	0.750042	1.128	1.137	1.146	25
1265	600000	0.750093	0.043	0.046	0.048	25
1633	1000000	0.750147	0.083	0.086	0.088	25
516	100000	0.751653	-0.001	0.000	0.002	25
700	195859	0.799997	0.010	0.010	0.010	25
4473	8002196	0.800000	0.876	0.882	0.888	25
5000	10000000	0.800080	1.097	1.106	1.115	25
1581	1000000	0.800394	0.079	0.081	0.083	25
500	100000	0.800806	-0.001	0.000	0.002	25
1224	600000	0.801304	0.040	0.043	0.045	25
4851	10000000	0.850013	1.068	1.076	1.085	25
1534	1000000	0.850282	0.078	0.079	0.081	25
1188	600000	0.850718	0.040	0.040	0.040	25
485	100000	0.851394	-0.001	0.001	0.002	25
700	220254	0.899996	0.009	0.011	0.012	25
4473	9001912	0.900000	0.941	0.949	0.958	25
1491	1000000	0.900122	0.078	0.079	0.081	25
1155	600000	0.900140	0.039	0.041	0.042	25
4714	10000000	0.900166	1.045	1.054	1.062	25
471	100000	0.903053	0.000	0.000	0.000	25
700	232452	0.949998	0.011	0.014	0.016	25
4473	9501770	0.950000	0.977	0.984	0.990	25
4588	10000000	0.950316	1.019	1.029	1.038	25
1451	1000000	0.950525	0.076	0.078	0.080	25
1124	600000	0.950594	0.040	0.040	0.040	25
459	100000	0.951162	0.000	0.000	0.000	25
448	100000	0.998716	0.000	0.000	0.000	25
1415	1000000	0.999595	0.075	0.078	0.081	25
4473	10000000	0.999837	1.006	1.014	1.022	25
1096	600000	0.999900	0.038	0.040	0.041	25
700	244650	1.000000	0.009	0.010	0.012	25
4473	10001628	1.000000	0.905	0.914	0.922	25
