#|V|	|E|	pom	Lower	Average	Upper	#Runs  (Lower/Upper from 99% CI)
4473	304386	0.030000	0.021	0.023	0.026	25
4473	504329	0.050000	0.039	0.042	0.045	25
4473	1004187	0.100000	0.086	0.089	0.093	25
4473	2003903	0.200000	0.181	0.184	0.188	25
4473	3003618	0.300000	0.258	0.264	0.269	25
4473	4003334	0.400000	0.344	0.353	0.362	25
4473	5003050	0.500000	0.438	0.448	0.459	25
4473	6002765	0.600000	0.525	0.534	0.543	25
4473	7002481	0.700000	0.636	0.649	0.662	25
4473	8002196	0.800000	0.719	0.730	0.740	25
4473	9001912	0.900000	0.824	0.837	0.851	25
4473	9501770	0.950000	0.846	0.860	0.875	25
4473	10000000	0.999837	0.933	0.942	0.950	25
4473	10001628	1.000000	0.833	0.853	0.872	25
