#|V|	|E|	pom	Lower	Average	Upper	#Runs  (Lower/Upper from 99% CI)
44622	10000000	0.010000	1.988	1.998	2.008	25
10856	600000	0.010001	0.103	0.106	0.110	25
14043	1000000	0.010001	0.186	0.189	0.192	25
4374	100000	0.010003	0.012	0.015	0.018	25
250	1175	0.029991	0.000	0.000	0.000	25
700	8017	0.029998	0.000	0.000	0.000	25
4473	304386	0.030000	0.046	0.048	0.050	25
25788	10000000	0.030000	1.990	2.002	2.015	25
8133	1000000	0.030001	0.176	0.178	0.180	25
6292	600000	0.030008	0.098	0.100	0.102	25
2550	100000	0.030009	0.013	0.016	0.018	25
250	1792	0.049974	0.000	0.000	0.000	25
700	12896	0.049998	0.000	0.000	0.000	25
4473	504329	0.050000	0.065	0.096	0.128	25
6306	1000000	0.050001	0.174	0.176	0.179	25
19981	10000000	0.050003	1.979	1.995	2.011	25
4880	600000	0.050011	0.101	0.105	0.109	25
1981	100000	0.050030	0.010	0.013	0.015	25
250	3336	0.099981	0.000	0.000	0.000	25
700	25094	0.100000	0.000	0.000	0.000	25
4473	1004187	0.100000	0.174	0.178	0.182	25
14133	10000000	0.100009	1.960	1.970	1.980	25
4463	1000000	0.100029	0.180	0.180	0.180	25
3455	600000	0.100036	0.101	0.104	0.107	25
1405	100000	0.100107	0.010	0.013	0.015	25
11541	10000000	0.150022	1.924	1.935	1.945	20
3646	1000000	0.150027	0.176	0.178	0.181	25
2823	600000	0.150028	0.100	0.102	0.104	25
1149	100000	0.150145	0.009	0.011	0.012	25
250	6424	0.199994	0.000	0.000	0.000	25
700	49489	0.199999	0.000	0.000	0.000	25
4473	2003903	0.200000	0.366	0.370	0.374	25
9996	10000000	0.200020	1.870	1.882	1.894	25
3158	1000000	0.200099	0.178	0.180	0.183	25
2445	600000	0.200163	0.100	0.102	0.104	25
996	100000	0.200206	0.008	0.010	0.011	25
8941	10000000	0.250043	1.868	1.877	1.886	25
2188	600000	0.250090	0.101	0.103	0.106	25
2825	1000000	0.250165	0.177	0.179	0.181	25
891	100000	0.250528	0.010	0.010	0.010	25
250	9511	0.299974	0.000	0.000	0.000	25
700	73884	0.299999	0.008	0.010	0.011	25
4473	3003618	0.300000	0.552	0.556	0.560	25
8163	10000000	0.300010	1.860	1.868	1.876	25
2580	1000000	0.300037	0.175	0.178	0.181	25
1998	600000	0.300051	0.100	0.102	0.104	25
814	100000	0.300496	0.010	0.010	0.010	25
2389	1000000	0.350030	0.175	0.178	0.180	25
7557	10000000	0.350086	1.863	1.873	1.883	25
1850	600000	0.350108	0.100	0.102	0.104	25
754	100000	0.350538	0.009	0.010	0.012	25
250	12599	0.399987	0.000	0.000	0.000	25
700	98279	0.399998	0.010	0.010	0.010	25
4473	4003334	0.400000	0.741	0.746	0.751	25
7070	10000000	0.400008	1.870	1.878	1.886	25
1731	600000	0.400024	0.100	0.102	0.104	25
2235	1000000	0.400025	0.175	0.178	0.181	25
706	100000	0.400125	0.009	0.010	0.012	25
6665	10000000	0.450128	1.879	1.890	1.902	25
1632	600000	0.450150	0.099	0.101	0.102	25
2107	1000000	0.450198	0.174	0.176	0.179	25
665	100000	0.451289	0.009	0.010	0.012	25
700	122674	0.499998	0.014	0.017	0.019	25
4473	5003050	0.500000	0.934	0.940	0.946	25
6324	10000000	0.500009	1.876	1.885	1.895	25
1999	1000000	0.500251	0.176	0.179	0.181	25
1548	600000	0.500449	0.100	0.102	0.105	25
631	100000	0.501527	0.009	0.010	0.012	25
6029	10000000	0.550166	1.882	1.891	1.900	25
1906	1000000	0.550351	0.175	0.178	0.181	25
1476	600000	0.550583	0.098	0.100	0.103	25
602	100000	0.551298	0.010	0.010	0.010	25
700	147069	0.599998	0.020	0.020	0.020	25
4473	6002765	0.600000	1.123	1.129	1.136	25
1414	600000	0.600040	0.100	0.100	0.100	25
5773	10000000	0.600070	1.885	1.895	1.904	25
1825	1000000	0.600379	0.175	0.177	0.180	25
577	100000	0.600386	0.009	0.010	0.012	25
1754	1000000	0.650058	0.176	0.179	0.182	25
5546	10000000	0.650226	1.875	1.886	1.896	25
1358	600000	0.650666	0.099	0.100	0.102	25
554	100000	0.651565	0.009	0.010	0.012	25
700	171464	0.699997	0.020	0.020	0.020	25
4473	7002481	0.700000	1.304	1.315	1.326	25
5345	10000000	0.700078	1.888	1.896	1.903	25
1690	1000000	0.700316	0.175	0.178	0.181	25
1309	600000	0.700406	0.098	0.100	0.102	25
534	100000	0.701569	0.010	0.010	0.010	25
5164	10000000	0.750042	1.876	1.884	1.892	25
1265	600000	0.750093	0.098	0.100	0.101	25
1633	1000000	0.750147	0.174	0.177	0.180	25
516	100000	0.751653	0.009	0.010	0.012	25
700	195859	0.799997	0.026	0.028	0.030	25
4473	8002196	0.800000	1.499	1.508	1.517	25
5000	10000000	0.800080	1.883	1.894	1.905	25
1581	1000000	0.800394	0.173	0.176	0.178	25
500	100000	0.800806	0.009	0.010	0.012	25
1224	600000	0.801304	0.100	0.100	0.100	25
4851	10000000	0.850013	1.896	1.905	1.914	25
1534	1000000	0.850282	0.176	0.178	0.181	25
1188	600000	0.850718	0.096	0.098	0.100	25
485	100000	0.851394	0.009	0.010	0.012	25
700	220254	0.899996	0.029	0.030	0.032	25
4473	9001912	0.900000	1.690	1.698	1.706	25
1491	1000000	0.900122	0.173	0.176	0.179	25
1155	600000	0.900140	0.096	0.098	0.100	25
4714	10000000	0.900166	1.885	1.894	1.904	25
471	100000	0.903053	0.009	0.011	0.012	25
700	232452	0.949998	0.031	0.034	0.036	25
4473	9501770	0.950000	1.787	1.795	1.803	25
4588	10000000	0.950316	1.881	1.891	1.901	25
1451	1000000	0.950525	0.176	0.178	0.180	25
1124	600000	0.950594	0.098	0.099	0.101	25
459	100000	0.951162	0.009	0.011	0.012	25
448	100000	0.998716	0.009	0.011	0.013	25
1415	1000000	0.999595	0.174	0.176	0.179	25
4473	10000000	0.999837	1.877	1.889	1.900	25
1096	600000	0.999900	0.095	0.098	0.100	25
700	244650	1.000000	0.032	0.034	0.037	25
4473	10001628	1.000000	1.807	1.817	1.827	25
