#|V|	|E|	pom	Lower	Average	Upper	#Runs  (Lower/Upper from 99% CI)
700	8017	0.029998	0.000	0.000	0.000	25
700	12896	0.049998	0.000	0.000	0.000	25
700	25094	0.100000	0.000	0.000	0.000	25
700	49489	0.199999	0.000	0.000	0.000	25
700	73884	0.299999	0.000	0.000	0.000	25
700	98279	0.399998	-0.001	0.001	0.002	25
700	122674	0.499998	0.003	0.006	0.009	25
700	147069	0.599998	0.004	0.007	0.009	25
700	171464	0.699997	0.010	0.010	0.010	25
700	195859	0.799997	0.010	0.012	0.014	25
700	220254	0.899996	0.011	0.014	0.016	25
700	232452	0.949998	0.012	0.015	0.018	25
700	244650	1.000000	0.014	0.016	0.019	25
