#|V|	|E|	pom	Lower	Average	Upper	#Runs  (Lower/Upper from 99% CI)
4473	304386	0.030000	0.021	0.024	0.027	25
4473	504329	0.050000	0.040	0.043	0.045	25
4473	1004187	0.100000	0.086	0.090	0.093	25
4473	2003903	0.200000	0.179	0.183	0.187	25
4473	3003618	0.300000	0.255	0.260	0.265	25
4473	4003334	0.400000	0.343	0.351	0.359	25
4473	5003050	0.500000	0.436	0.448	0.460	25
4473	6002765	0.600000	0.524	0.534	0.545	25
4473	7002481	0.700000	0.631	0.646	0.660	25
4473	8002196	0.800000	0.712	0.723	0.734	25
4473	9001912	0.900000	0.823	0.838	0.852	25
4473	9501770	0.950000	0.838	0.855	0.871	25
4473	10000000	0.999837	0.932	0.944	0.956	25
4473	10001628	1.000000	0.824	0.842	0.860	25
