#|V|	|E|	pom	Lower	Average	Upper	#Runs  (Lower/Upper from 99% CI)
4473	304386	0.030000	0.020	0.023	0.025	25
4473	504329	0.050000	0.040	0.042	0.044	25
4473	1004187	0.100000	0.082	0.085	0.088	25
4473	2003903	0.200000	0.173	0.177	0.180	25
4473	3003618	0.300000	0.245	0.250	0.256	25
4473	4003334	0.400000	0.333	0.340	0.347	25
4473	5003050	0.500000	0.418	0.431	0.445	25
4473	6002765	0.600000	0.507	0.517	0.528	25
4473	7002481	0.700000	0.611	0.626	0.641	25
4473	8002196	0.800000	0.689	0.699	0.710	25
4473	9001912	0.900000	0.799	0.814	0.828	25
4473	9501770	0.950000	0.811	0.829	0.848	25
4473	10000000	0.999837	0.900	0.908	0.916	25
4473	10001628	1.000000	0.801	0.819	0.837	25
