#|V|	|E|	pom	Lower	Average	Upper	#Runs  (Lower/Upper from 99% CI)
4473	304386	0.030000	0.028	0.029	0.031	25
4473	504329	0.050000	0.042	0.045	0.048	25
4473	1004187	0.100000	0.090	0.094	0.097	25
4473	2003903	0.200000	0.181	0.184	0.188	25
4473	3003618	0.300000	0.268	0.272	0.277	25
4473	4003334	0.400000	0.357	0.363	0.370	25
4473	5003050	0.500000	0.444	0.450	0.455	25
4473	6002765	0.600000	0.528	0.535	0.542	25
4473	7002481	0.700000	0.622	0.631	0.641	25
4473	8002196	0.800000	0.703	0.712	0.720	25
4473	9001912	0.900000	0.792	0.804	0.817	25
4473	9501770	0.950000	0.834	0.842	0.850	25
4473	10000000	0.999837	0.879	0.890	0.900	25
4473	10001628	1.000000	0.807	0.814	0.822	25
