#|V|	|E|	pom	Lower	Average	Upper	#Runs  (Lower/Upper from 99% CI)
44622	10000000	0.010000	1.793	1.802	1.811	25
10856	600000	0.010001	0.094	0.097	0.100	25
14043	1000000	0.010001	0.164	0.167	0.170	25
4374	100000	0.010003	0.009	0.010	0.012	25
250	1175	0.029991	0.000	0.000	0.000	25
700	8017	0.029998	0.000	0.000	0.000	25
4473	304386	0.030000	0.040	0.043	0.046	25
25788	10000000	0.030000	1.803	1.812	1.821	25
8133	1000000	0.030001	0.157	0.160	0.163	25
6292	600000	0.030008	0.092	0.095	0.098	25
2550	100000	0.030009	0.010	0.012	0.014	25
250	1792	0.049974	0.000	0.000	0.000	25
700	12896	0.049998	0.000	0.000	0.000	25
4473	504329	0.050000	0.076	0.078	0.080	25
6306	1000000	0.050001	0.157	0.159	0.161	25
19981	10000000	0.050003	1.799	1.808	1.816	25
4880	600000	0.050011	0.093	0.096	0.099	25
1981	100000	0.050030	0.009	0.010	0.012	25
250	3336	0.099981	0.000	0.000	0.000	25
700	25094	0.100000	0.000	0.000	0.000	25
4473	1004187	0.100000	0.157	0.160	0.163	25
14133	10000000	0.100009	1.780	1.794	1.808	25
4463	1000000	0.100029	0.158	0.160	0.162	25
3455	600000	0.100036	0.091	0.094	0.097	25
1405	100000	0.100107	0.009	0.010	0.012	25
11541	10000000	0.150022	1.741	1.753	1.764	25
3646	1000000	0.150027	0.158	0.160	0.162	25
2823	600000	0.150028	0.091	0.094	0.097	25
1149	100000	0.150145	0.010	0.010	0.010	25
250	6424	0.199994	0.000	0.000	0.000	25
700	49489	0.199999	0.000	0.000	0.000	25
4473	2003903	0.200000	0.326	0.330	0.334	25
9996	10000000	0.200020	1.699	1.711	1.723	25
3158	1000000	0.200099	0.158	0.160	0.162	25
2445	600000	0.200163	0.089	0.092	0.095	25
996	100000	0.200206	0.010	0.010	0.010	25
8941	10000000	0.250043	1.708	1.718	1.727	25
2188	600000	0.250090	0.088	0.092	0.096	25
2825	1000000	0.250165	0.158	0.160	0.162	25
891	100000	0.250528	0.010	0.010	0.010	25
250	9511	0.299974	0.000	0.000	0.000	25
700	73884	0.299999	0.005	0.007	0.010	25
4473	3003618	0.300000	0.499	0.504	0.510	25
8163	10000000	0.300010	1.710	1.723	1.737	25
2580	1000000	0.300037	0.155	0.158	0.162	25
1998	600000	0.300051	0.091	0.094	0.097	25
814	100000	0.300496	0.010	0.010	0.010	25
2389	1000000	0.350030	0.159	0.161	0.162	25
7557	10000000	0.350086	1.705	1.712	1.719	25
1850	600000	0.350108	0.090	0.092	0.094	25
754	100000	0.350538	0.010	0.010	0.010	25
250	12599	0.399987	0.000	0.000	0.000	25
700	98279	0.399998	0.008	0.010	0.012	25
4473	4003334	0.400000	0.672	0.677	0.682	25
7070	10000000	0.400008	1.705	1.716	1.726	25
1731	600000	0.400024	0.089	0.092	0.095	25
2235	1000000	0.400025	0.157	0.159	0.161	25
706	100000	0.400125	0.010	0.010	0.010	25
6665	10000000	0.450128	1.714	1.725	1.736	25
1632	600000	0.450150	0.089	0.092	0.094	25
2107	1000000	0.450198	0.158	0.159	0.161	25
665	100000	0.451289	0.010	0.010	0.010	25
700	122674	0.499998	0.010	0.012	0.014	25
4473	5003050	0.500000	0.843	0.854	0.866	25
6324	10000000	0.500009	1.713	1.726	1.738	25
1999	1000000	0.500251	0.157	0.160	0.163	25
1548	600000	0.500449	0.088	0.090	0.092	25
631	100000	0.501527	0.010	0.010	0.010	25
6029	10000000	0.550166	1.710	1.718	1.726	25
1906	1000000	0.550351	0.156	0.159	0.162	25
1476	600000	0.550583	0.088	0.091	0.094	25
602	100000	0.551298	0.008	0.010	0.011	25
700	147069	0.599998	0.016	0.018	0.020	25
4473	6002765	0.600000	1.021	1.027	1.034	25
1414	600000	0.600040	0.086	0.089	0.092	25
5773	10000000	0.600070	1.713	1.722	1.732	25
1825	1000000	0.600379	0.154	0.157	0.160	25
577	100000	0.600386	0.010	0.010	0.010	25
1754	1000000	0.650058	0.156	0.158	0.161	25
5546	10000000	0.650226	1.719	1.729	1.740	25
1358	600000	0.650666	0.085	0.088	0.090	25
554	100000	0.651565	0.010	0.010	0.010	25
700	171464	0.699997	0.020	0.020	0.020	25
4473	7002481	0.700000	1.196	1.203	1.210	25
5345	10000000	0.700078	1.715	1.725	1.736	25
1690	1000000	0.700316	0.156	0.158	0.160	25
1309	600000	0.700406	0.086	0.089	0.092	25
534	100000	0.701569	0.010	0.010	0.010	25
5164	10000000	0.750042	1.719	1.729	1.739	25
1265	600000	0.750093	0.087	0.090	0.093	25
1633	1000000	0.750147	0.155	0.157	0.160	25
516	100000	0.751653	0.010	0.010	0.010	25
700	195859	0.799997	0.020	0.022	0.024	25
4473	8002196	0.800000	1.369	1.378	1.387	25
5000	10000000	0.800080	1.719	1.730	1.741	25
1581	1000000	0.800394	0.154	0.157	0.160	25
500	100000	0.800806	0.008	0.010	0.011	25
1224	600000	0.801304	0.086	0.088	0.090	25
4851	10000000	0.850013	1.713	1.723	1.734	25
1534	1000000	0.850282	0.155	0.157	0.160	25
1188	600000	0.850718	0.083	0.086	0.089	25
485	100000	0.851394	0.008	0.010	0.011	25
700	220254	0.899996	0.028	0.030	0.032	25
4473	9001912	0.900000	1.549	1.554	1.560	25
1491	1000000	0.900122	0.154	0.157	0.159	25
1155	600000	0.900140	0.082	0.085	0.088	25
4714	10000000	0.900166	1.726	1.733	1.740	25
471	100000	0.903053	0.010	0.010	0.010	25
700	232452	0.949998	0.025	0.027	0.030	25
4473	9501770	0.950000	1.641	1.649	1.658	25
4588	10000000	0.950316	1.722	1.730	1.739	25
1451	1000000	0.950525	0.154	0.157	0.159	25
1124	600000	0.950594	0.081	0.084	0.087	25
459	100000	0.951162	0.008	0.010	0.012	25
448	100000	0.998716	0.010	0.010	0.010	25
1415	1000000	0.999595	0.154	0.156	0.159	25
4473	10000000	0.999837	1.724	1.733	1.742	25
1096	600000	0.999900	0.081	0.084	0.087	25
700	244650	1.000000	0.028	0.029	0.031	25
4473	10001628	1.000000	1.636	1.646	1.656	25
