#|V|	|E|	pom	Lower	Average	Upper	#Runs  (Lower/Upper from 99% CI)
448	100128	1.000000	0.000	0.000	0.000	25
633	200028	1.000000	0.006	0.008	0.010	25
666	100000	0.449928	-0.000	0.002	0.004	25
776	300700	1.000000	0.014	0.016	0.019	25
895	400065	1.000000	0.020	0.020	0.020	25
1001	500500	1.000000	0.022	0.025	0.028	25
1096	600060	1.000000	0.032	0.035	0.038	25
1333	200000	0.224117	0.017	0.019	0.021	25
1415	1000405	1.000000	0.059	0.061	0.062	25
2000	100000	0.049074	0.021	0.024	0.027	25
2000	300000	0.149224	0.038	0.040	0.042	25
2001	2001000	1.000000	0.125	0.131	0.136	25
2450	3000025	1.000000	0.197	0.202	0.207	25
2666	400000	0.111932	0.062	0.065	0.068	25
2829	4000206	1.000000	0.266	0.270	0.273	25
3163	5000703	1.000000	0.340	0.345	0.350	25
3333	500000	0.089499	0.090	0.094	0.098	25
3333	5000000	0.900390	0.438	0.445	0.451	25
3465	6001380	1.000000	0.403	0.408	0.414	25
3743	7003153	1.000000	0.481	0.487	0.492	25
4000	200000	0.024519	0.098	0.102	0.106	25
4000	600000	0.074556	0.126	0.132	0.138	25
4000	6000000	0.750063	0.547	0.555	0.563	25
4001	8002000	1.000000	0.549	0.562	0.574	25
4244	9003646	1.000000	0.622	0.628	0.633	25
4473	10001628	1.000000	0.691	0.700	0.709	25
4666	7000000	0.643026	0.667	0.672	0.677	25
5333	8000000	0.562512	0.781	0.789	0.796	25
6000	300000	0.016342	0.214	0.220	0.225	25
6000	9000000	0.499917	0.900	0.909	0.919	25
6666	1000000	0.044729	0.316	0.323	0.330	25
6666	10000000	0.449993	1.020	1.031	1.041	25
8000	400000	0.012255	0.372	0.380	0.387	25
