#Prec	Dim	Min	Max	|V|	|E|	Seed               	Rev	Run#	MST Weight
15	0	0.0	1.0	1	0	635105004311873571	n/a	-1	0.000000000000000
15	0	0.0	1.0	1	0	1235757893541258300	n/a	-1	0.000000000000000
15	0	0.0	1.0	1	0	4770435801466158120	n/a	-1	0.000000000000000
15	0	0.0	1.0	1	0	8584069893330767117	n/a	-1	0.000000000000000
15	0	0.0	1.0	1	0	9505973034088321142	n/a	-1	0.000000000000000
15	0	0.0	1.0	1	0	12363511182805496849	n/a	-1	0.000000000000000
15	0	0.0	1.0	1	0	14493521701046891799	n/a	-1	0.000000000000000
15	0	0.0	1.0	1	0	14896683396592068524	n/a	-1	0.000000000000000
15	0	0.0	1.0	1	0	14929379796369694113	n/a	-1	0.000000000000000
15	0	0.0	1.0	1	0	16468406069792812287	n/a	-1	0.000000000000000
15	0	0.0	1.0	1	0	17082392320929180653	n/a	-1	0.000000000000000
15	0	0.0	1.0	2	1	1237292464577372185	n/a	-1	0.538058000000000
15	0	0.0	1.0	2	1	1860823475384775611	n/a	-1	0.345076000000000
15	0	0.0	1.0	2	1	2481175297950714916	n/a	-1	0.330066000000000
15	0	0.0	1.0	2	1	6763400674308179205	n/a	-1	0.099120000000000
15	0	0.0	1.0	2	1	7267251482764246422	n/a	-1	0.127119000000000
15	0	0.0	1.0	2	1	8469389893320257422	n/a	-1	0.236865000000000
15	0	0.0	1.0	2	1	12632874958096860573	n/a	-1	0.997044000000000
15	0	0.0	1.0	2	1	15054518336684567312	n/a	-1	0.784780000000000
15	0	0.0	1.0	2	1	15535829226525488996	n/a	-1	0.582973000000000
15	0	0.0	1.0	2	1	16249595879165579677	n/a	-1	0.098969000000000
15	0	0.0	1.0	2	1	16575813603592415634	n/a	-1	0.803173000000000
15	0	0.0	1.0	4	6	2999968613400601229	n/a	-1	1.691767000000000
15	0	0.0	1.0	4	6	3315317953939541903	n/a	-1	0.947687000000000
15	0	0.0	1.0	4	6	4265479515708712754	n/a	-1	0.882266000000000
15	0	0.0	1.0	4	6	5135688889530716843	n/a	-1	1.297919000000000
15	0	0.0	1.0	4	6	5308123896669677361	n/a	-1	1.187765000000000
15	0	0.0	1.0	4	6	9604195415388222569	n/a	-1	1.003143000000000
15	0	0.0	1.0	4	6	13484894264898676003	n/a	-1	0.640654000000000
15	0	0.0	1.0	4	6	14811534608440523427	n/a	-1	0.680873000000000
15	0	0.0	1.0	4	6	15996190642239147788	n/a	-1	0.814045000000000
15	0	0.0	1.0	4	6	17987177680172464321	n/a	-1	0.855596000000000
15	0	0.0	1.0	4	6	18044722857867282363	n/a	-1	0.772828000000000
15	0	0.0	1.0	8	28	10466413773148651	n/a	-1	0.813699000000000
15	0	0.0	1.0	8	28	2656037805654740889	n/a	-1	1.335758000000000
15	0	0.0	1.0	8	28	4039650958036437569	n/a	-1	1.315132000000000
15	0	0.0	1.0	8	28	9031415733711012105	n/a	-1	1.076707000000000
15	0	0.0	1.0	8	28	9849503073534661070	n/a	-1	1.464383000000000
15	0	0.0	1.0	8	28	10044461462514230197	n/a	-1	0.482560000000000
15	0	0.0	1.0	8	28	10718135196222922163	n/a	-1	1.209384000000000
15	0	0.0	1.0	8	28	10737277710844645721	n/a	-1	1.059590000000000
15	0	0.0	1.0	8	28	13100645474325087589	n/a	-1	1.557555000000000
15	0	0.0	1.0	8	28	13699845331588857301	n/a	-1	0.924033000000000
15	0	0.0	1.0	8	28	13809642889306683314	n/a	-1	0.715134000000000
15	0	0.0	1.0	16	120	6554470967763309764	n/a	-1	0.639167000000000
15	0	0.0	1.0	16	120	8929898432396099540	n/a	-1	0.947671000000000
15	0	0.0	1.0	16	120	9311538963507826009	n/a	-1	0.710519000000000
15	0	0.0	1.0	16	120	12211504876615620011	n/a	-1	1.015776000000000
15	0	0.0	1.0	16	120	12351802002512642098	n/a	-1	1.030867000000000
15	0	0.0	1.0	16	120	13155634729072394821	n/a	-1	1.326044000000000
15	0	0.0	1.0	16	120	13714099276352003917	n/a	-1	1.938140000000000
15	0	0.0	1.0	16	120	13726043727108362219	n/a	-1	1.006752000000000
15	0	0.0	1.0	16	120	15113129452282386738	n/a	-1	1.381675000000000
15	0	0.0	1.0	16	120	15556364146659687789	n/a	-1	1.399291000000000
15	0	0.0	1.0	16	120	16208901210688495558	n/a	-1	1.041079000000000
15	0	0.0	1.0	32	496	4556465416234444202	n/a	-1	1.170074000000000
15	0	0.0	1.0	32	496	4613343054509024022	n/a	-1	0.988625000000000
15	0	0.0	1.0	32	496	6416185542532688049	n/a	-1	1.370369000000000
15	0	0.0	1.0	32	496	6693432608707848510	n/a	-1	0.854142000000000
15	0	0.0	1.0	32	496	10337992200491142505	n/a	-1	1.123142000000000
15	0	0.0	1.0	32	496	10444300821222070800	n/a	-1	1.106422000000000
15	0	0.0	1.0	32	496	10626503854363024492	n/a	-1	1.169091000000000
15	0	0.0	1.0	32	496	12733945767070635875	n/a	-1	1.211003000000000
15	0	0.0	1.0	32	496	14445923789394790227	n/a	-1	1.019724000000000
15	0	0.0	1.0	32	496	15345957716786536297	n/a	-1	1.138885000000000
15	0	0.0	1.0	32	496	17747951498269669037	n/a	-1	1.291611000000000
15	0	0.0	1.0	64	2016	7241050217750157784	n/a	-1	1.294257000000000
15	0	0.0	1.0	64	2016	7866403598470112412	n/a	-1	1.252401000000000
15	0	0.0	1.0	64	2016	8307291096713285056	n/a	-1	1.196996000000000
15	0	0.0	1.0	64	2016	8960952754765664335	n/a	-1	1.404270000000000
15	0	0.0	1.0	64	2016	12591605664801834781	n/a	-1	0.972558000000000
15	0	0.0	1.0	64	2016	14044293148956459260	n/a	-1	1.090744000000000
15	0	0.0	1.0	64	2016	14611470005254718539	n/a	-1	1.336577000000000
15	0	0.0	1.0	64	2016	15028338912844001841	n/a	-1	1.241267000000000
15	0	0.0	1.0	64	2016	15051405951748860554	n/a	-1	0.873192000000000
15	0	0.0	1.0	64	2016	17645494027677290545	n/a	-1	1.118714000000000
15	0	0.0	1.0	64	2016	18362902362853154388	n/a	-1	0.849650000000000
15	0	0.0	1.0	128	8128	877635542932127090	n/a	-1	1.129080000000000
15	0	0.0	1.0	128	8128	2098080741174817906	n/a	-1	1.134229000000000
15	0	0.0	1.0	128	8128	2298129787774613602	n/a	-1	1.226995000000000
15	0	0.0	1.0	128	8128	2555887349715213223	n/a	-1	1.149408000000000
15	0	0.0	1.0	128	8128	3880146002893787076	n/a	-1	1.129537000000000
15	0	0.0	1.0	128	8128	6574417476047102215	n/a	-1	1.211720000000000
15	0	0.0	1.0	128	8128	10598211380039305922	n/a	-1	1.196898000000000
15	0	0.0	1.0	128	8128	14168949662058666631	n/a	-1	1.077559000000000
15	0	0.0	1.0	128	8128	14244826603150046750	n/a	-1	1.014391000000000
15	0	0.0	1.0	128	8128	15303661026270013688	n/a	-1	1.228074000000000
15	0	0.0	1.0	128	8128	17011323223792434003	n/a	-1	1.243057000000000
15	0	0.0	1.0	256	32640	710735803206383706	n/a	-1	1.231349000000000
15	0	0.0	1.0	256	32640	7809442303310879632	n/a	-1	1.243956000000000
15	0	0.0	1.0	256	32640	7862091562698783271	n/a	-1	1.077684000000000
15	0	0.0	1.0	256	32640	8319856586993319572	n/a	-1	1.312580000000000
15	0	0.0	1.0	256	32640	8576878314310411517	n/a	-1	1.287011000000000
15	0	0.0	1.0	256	32640	10187570259266636006	n/a	-1	1.190158000000000
15	0	0.0	1.0	256	32640	10557048449160093085	n/a	-1	1.230773000000000
15	0	0.0	1.0	256	32640	11715339486399534160	n/a	-1	1.117188000000000
15	0	0.0	1.0	256	32640	12092548788876589568	n/a	-1	1.261330000000000
15	0	0.0	1.0	256	32640	17253715736516063128	n/a	-1	1.292220000000000
15	0	0.0	1.0	256	32640	17719703956528846516	n/a	-1	1.485216000000000
15	0	0.0	1.0	512	130816	3210431480615382990	n/a	-1	1.249127000000000
15	0	0.0	1.0	512	130816	3236626500919759001	n/a	-1	1.235702000000000
15	0	0.0	1.0	512	130816	3842349457102883706	n/a	-1	1.221844000000000
15	0	0.0	1.0	512	130816	4181936046958176753	n/a	-1	1.155764000000000
15	0	0.0	1.0	512	130816	5524762020498860443	n/a	-1	1.262782000000000
15	0	0.0	1.0	512	130816	6244138712251854605	n/a	-1	1.341470000000000
15	0	0.0	1.0	512	130816	6337075223198466536	n/a	-1	1.289410000000000
15	0	0.0	1.0	512	130816	7401452145086777417	n/a	-1	1.093448000000000
15	0	0.0	1.0	512	130816	8195308286654919797	n/a	-1	1.134213000000000
15	0	0.0	1.0	512	130816	15157327502821522747	n/a	-1	1.225621000000000
15	0	0.0	1.0	512	130816	15325855924735985553	n/a	-1	1.211377000000000
15	0	0.0	1.0	1024	523776	2643087505518726774	n/a	-1	1.214862000000000
15	0	0.0	1.0	1024	523776	8177354233203599829	n/a	-1	1.273435000000000
15	0	0.0	1.0	1024	523776	9201942265909171878	n/a	-1	1.088407000000000
15	0	0.0	1.0	1024	523776	9828446953229106017	n/a	-1	1.264147000000000
15	0	0.0	1.0	1024	523776	9941060765261566587	n/a	-1	1.168640000000000
15	0	0.0	1.0	1024	523776	10079592660086981786	n/a	-1	1.219947000000000
15	0	0.0	1.0	1024	523776	10366470999806133605	n/a	-1	1.210569000000000
15	0	0.0	1.0	1024	523776	10863901404896569520	n/a	-1	1.214894000000000
15	0	0.0	1.0	1024	523776	13156580082675314300	n/a	-1	1.279450000000000
15	0	0.0	1.0	1024	523776	16311021605709069294	n/a	-1	1.214195000000000
15	0	0.0	1.0	1024	523776	17337435619405034526	n/a	-1	1.233117000000000
15	0	0.0	1.0	2048	2096128	41660483082410300	n/a	-1	1.228718000000000
15	0	0.0	1.0	2048	2096128	3807704613830632949	n/a	-1	1.178788000000000
15	0	0.0	1.0	2048	2096128	9617969652334043432	n/a	-1	1.177851000000000
15	0	0.0	1.0	2048	2096128	9997377774956008631	n/a	-1	1.207851000000000
15	0	0.0	1.0	2048	2096128	11091689992579314116	n/a	-1	1.182535000000000
15	0	0.0	1.0	2048	2096128	11737400113809854782	n/a	-1	1.235681000000000
15	0	0.0	1.0	2048	2096128	15997795643419307929	n/a	-1	1.189154000000000
15	0	0.0	1.0	2048	2096128	16195842485488637282	n/a	-1	1.231544000000000
15	0	0.0	1.0	2048	2096128	16637112880415634591	n/a	-1	1.185289000000000
15	0	0.0	1.0	2048	2096128	18209596528530310640	n/a	-1	1.156412000000000
