#Prec	Dim	Min	Max	|V|	|E|	Seed               	Rev	Run#	MST Weight
15	2	0.0	1.0	1	0	1769688796187397516	n/a	-1	0.000000000000000
15	2	0.0	1.0	1	0	3956675210483028477	n/a	-1	0.000000000000000
15	2	0.0	1.0	1	0	4633896032253931247	n/a	-1	0.000000000000000
15	2	0.0	1.0	1	0	5012088731392026270	n/a	-1	0.000000000000000
15	2	0.0	1.0	1	0	6185850497688112501	n/a	-1	0.000000000000000
15	2	0.0	1.0	1	0	6836068700949907940	n/a	-1	0.000000000000000
15	2	0.0	1.0	1	0	11346475397452188091	n/a	-1	0.000000000000000
15	2	0.0	1.0	1	0	15482243385868024469	n/a	-1	0.000000000000000
15	2	0.0	1.0	1	0	17553049006217064547	n/a	-1	0.000000000000000
15	2	0.0	1.0	1	0	17792399776272529894	n/a	-1	0.000000000000000
15	2	0.0	1.0	1	0	18333357963753060056	n/a	-1	0.000000000000000
15	2	0.0	1.0	2	1	3049802483093122278	n/a	-1	0.582490000000000
15	2	0.0	1.0	2	1	5143914001461720978	n/a	-1	0.608158000000000
15	2	0.0	1.0	2	1	6458208624192461464	n/a	-1	0.447536000000000
15	2	0.0	1.0	2	1	9171527336760760279	n/a	-1	0.402255000000000
15	2	0.0	1.0	2	1	10033495462896830465	n/a	-1	0.184113000000000
15	2	0.0	1.0	2	1	10456631093738881507	n/a	-1	0.928589000000000
15	2	0.0	1.0	2	1	11513129956973323849	n/a	-1	0.798072000000000
15	2	0.0	1.0	2	1	13455755147954946326	n/a	-1	0.680041000000000
15	2	0.0	1.0	2	1	13699478961160251622	n/a	-1	0.582619000000000
15	2	0.0	1.0	2	1	14955190777794758078	n/a	-1	0.680271000000000
15	2	0.0	1.0	2	1	15744934845367417436	n/a	-1	0.745361000000000
15	2	0.0	1.0	4	6	697214601530756458	n/a	-1	1.030292000000000
15	2	0.0	1.0	4	6	2012002777242433687	n/a	-1	0.982343000000000
15	2	0.0	1.0	4	6	5833260081359211915	n/a	-1	1.513469000000000
15	2	0.0	1.0	4	6	9901057043487645000	n/a	-1	1.283745000000000
15	2	0.0	1.0	4	6	10992720651946997076	n/a	-1	0.962980000000000
15	2	0.0	1.0	4	6	12665042790242587670	n/a	-1	0.654014000000000
15	2	0.0	1.0	4	6	12744854719569485046	n/a	-1	0.911968000000000
15	2	0.0	1.0	4	6	13571571740642279020	n/a	-1	0.962055000000000
15	2	0.0	1.0	4	6	13630110253976884190	n/a	-1	1.097373000000000
15	2	0.0	1.0	4	6	15960908115144458040	n/a	-1	1.222285000000000
15	2	0.0	1.0	4	6	16344751895893894008	n/a	-1	1.808713000000000
15	2	0.0	1.0	8	28	654695424157753910	n/a	-1	1.792515000000000
15	2	0.0	1.0	8	28	3538157248473915235	n/a	-1	1.191852000000000
15	2	0.0	1.0	8	28	4893243608398877406	n/a	-1	2.407480000000000
15	2	0.0	1.0	8	28	6386620761856250887	n/a	-1	2.179066000000000
15	2	0.0	1.0	8	28	7873224231405179629	n/a	-1	1.810498000000000
15	2	0.0	1.0	8	28	8265426818098058705	n/a	-1	2.266774000000000
15	2	0.0	1.0	8	28	8579799290741024571	n/a	-1	1.712387000000000
15	2	0.0	1.0	8	28	12387545237234047906	n/a	-1	2.002255000000000
15	2	0.0	1.0	8	28	12697328714765356567	n/a	-1	1.761820000000000
15	2	0.0	1.0	8	28	13301617640447148777	n/a	-1	2.415255000000000
15	2	0.0	1.0	8	28	16255822151074807863	n/a	-1	2.148947000000000
15	2	0.0	1.0	16	120	1263649903972262681	n/a	-1	2.313563000000000
15	2	0.0	1.0	16	120	2417231121108710559	n/a	-1	3.136921000000000
15	2	0.0	1.0	16	120	4979033801074423525	n/a	-1	2.393283000000000
15	2	0.0	1.0	16	120	8514160245902607517	n/a	-1	2.696325000000000
15	2	0.0	1.0	16	120	8648814283201434531	n/a	-1	2.837339000000000
15	2	0.0	1.0	16	120	8903701509459584607	n/a	-1	2.886099000000000
15	2	0.0	1.0	16	120	12207196395856666337	n/a	-1	2.703634000000000
15	2	0.0	1.0	16	120	12645003166494408877	n/a	-1	2.598972000000000
15	2	0.0	1.0	16	120	14387057007378730345	n/a	-1	2.505178000000000
15	2	0.0	1.0	16	120	15427600555720951422	n/a	-1	2.884513000000000
15	2	0.0	1.0	16	120	16665152293329109978	n/a	-1	2.818930000000000
15	2	0.0	1.0	32	496	2161651000149009039	n/a	-1	3.892324000000000
15	2	0.0	1.0	32	496	2898189093978264482	n/a	-1	3.806215000000000
15	2	0.0	1.0	32	496	3637153322955346569	n/a	-1	4.409914000000000
15	2	0.0	1.0	32	496	6352643884370595874	n/a	-1	3.588677000000000
15	2	0.0	1.0	32	496	7137497995960681603	n/a	-1	4.177678000000000
15	2	0.0	1.0	32	496	7634266910033771883	n/a	-1	3.865253000000000
15	2	0.0	1.0	32	496	8323174058165370031	n/a	-1	3.701052000000000
15	2	0.0	1.0	32	496	8596146339841224863	n/a	-1	3.826119000000000
15	2	0.0	1.0	32	496	13361685705008466557	n/a	-1	3.638554000000000
15	2	0.0	1.0	32	496	14609841341737298093	n/a	-1	4.311543000000000
15	2	0.0	1.0	32	496	17497060965803691837	n/a	-1	3.764135000000000
15	2	0.0	1.0	64	2016	98169911383855600	n/a	-1	5.791221000000000
15	2	0.0	1.0	64	2016	901335423803978665	n/a	-1	5.662608000000000
15	2	0.0	1.0	64	2016	3243194083750604212	n/a	-1	5.431311000000000
15	2	0.0	1.0	64	2016	4449954402106512752	n/a	-1	5.368221000000000
15	2	0.0	1.0	64	2016	7006474800278091685	n/a	-1	5.941204000000000
15	2	0.0	1.0	64	2016	8585669755082259567	n/a	-1	5.309799000000000
15	2	0.0	1.0	64	2016	10729280337898586380	n/a	-1	5.520597000000000
15	2	0.0	1.0	64	2016	12474388945794302406	n/a	-1	5.715923000000000
15	2	0.0	1.0	64	2016	12538829142867381137	n/a	-1	5.676383000000000
15	2	0.0	1.0	64	2016	14444936879927415279	n/a	-1	5.291368000000000
15	2	0.0	1.0	64	2016	16243824109765538826	n/a	-1	5.628647000000000
15	2	0.0	1.0	128	8128	1950239720823480409	n/a	-1	7.551453000000000
15	2	0.0	1.0	128	8128	5148024570098352911	n/a	-1	7.957440000000000
15	2	0.0	1.0	128	8128	6540274035039325175	n/a	-1	7.644306000000000
15	2	0.0	1.0	128	8128	6964871860240453161	n/a	-1	7.357241000000000
15	2	0.0	1.0	128	8128	7028264189146055775	n/a	-1	7.387640000000000
15	2	0.0	1.0	128	8128	7434952501588418944	n/a	-1	7.252643000000000
15	2	0.0	1.0	128	8128	8342694485034242497	n/a	-1	7.634002000000000
15	2	0.0	1.0	128	8128	12614343853390115158	n/a	-1	7.861117000000000
15	2	0.0	1.0	128	8128	15693861596621438316	n/a	-1	7.927860000000000
15	2	0.0	1.0	128	8128	16709603131585262628	n/a	-1	7.577978000000000
15	2	0.0	1.0	128	8128	17342985891863912357	n/a	-1	7.656401000000000
15	2	0.0	1.0	256	32640	2088940083066045054	n/a	-1	10.845658999999999
15	2	0.0	1.0	256	32640	2330896934425761306	n/a	-1	10.061332000000000
15	2	0.0	1.0	256	32640	2974785050188064726	n/a	-1	10.751015000000001
15	2	0.0	1.0	256	32640	4026715510805305652	n/a	-1	10.635398000000000
15	2	0.0	1.0	256	32640	5266684939122930098	n/a	-1	10.513411000000000
15	2	0.0	1.0	256	32640	6973131634831016298	n/a	-1	10.850868000000000
15	2	0.0	1.0	256	32640	8173224263983931081	n/a	-1	10.697441000000000
15	2	0.0	1.0	256	32640	10226643030373510024	n/a	-1	11.005874000000000
15	2	0.0	1.0	256	32640	10763057899865493841	n/a	-1	11.075393999999999
15	2	0.0	1.0	256	32640	11649615225787510564	n/a	-1	10.556232000000000
15	2	0.0	1.0	256	32640	13421497369244281412	n/a	-1	10.767341999999999
15	2	0.0	1.0	512	130816	2616289942194567816	n/a	-1	15.281822999999999
15	2	0.0	1.0	512	130816	3227480743046248483	n/a	-1	14.626462000000000
15	2	0.0	1.0	512	130816	3322747181769794501	n/a	-1	14.964726000000001
15	2	0.0	1.0	512	130816	4329466288944781258	n/a	-1	14.879806000000000
15	2	0.0	1.0	512	130816	4625447184791175393	n/a	-1	15.118019000000000
15	2	0.0	1.0	512	130816	5730167756688521017	n/a	-1	14.679646999999999
15	2	0.0	1.0	512	130816	6789538333922138829	n/a	-1	14.836928000000000
15	2	0.0	1.0	512	130816	7139027650646798748	n/a	-1	15.091531000000000
15	2	0.0	1.0	512	130816	16442394866294704232	n/a	-1	15.074579000000000
15	2	0.0	1.0	512	130816	17096306165292522293	n/a	-1	14.676641999999999
15	2	0.0	1.0	512	130816	18078313748968692821	n/a	-1	14.909426000000000
15	2	0.0	1.0	1024	523776	756318209533794584	n/a	-1	20.910446000000000
15	2	0.0	1.0	1024	523776	1641422180419804733	n/a	-1	20.877516000000000
15	2	0.0	1.0	1024	523776	1859497676874570086	n/a	-1	21.276375000000002
15	2	0.0	1.0	1024	523776	2837980365152474416	n/a	-1	21.156172000000002
15	2	0.0	1.0	1024	523776	4565444432382649197	n/a	-1	21.333096999999999
15	2	0.0	1.0	1024	523776	13681315096142002202	n/a	-1	20.835459000000000
15	2	0.0	1.0	1024	523776	14559528204437265337	n/a	-1	20.819534000000001
15	2	0.0	1.0	1024	523776	14732810640127063554	n/a	-1	21.158249000000001
15	2	0.0	1.0	1024	523776	17652126428806507915	n/a	-1	20.950479999999999
15	2	0.0	1.0	1024	523776	17966981980309447425	n/a	-1	21.357268999999999
15	2	0.0	1.0	1024	523776	18424300612464397070	n/a	-1	21.470593999999998
15	2	0.0	1.0	2048	2096128	86548662565638929	n/a	-1	29.364870000000000
15	2	0.0	1.0	2048	2096128	5083268141048356774	n/a	-1	29.290662999999999
15	2	0.0	1.0	2048	2096128	6254434765552607586	n/a	-1	29.718288000000001
15	2	0.0	1.0	2048	2096128	6938992469513174810	n/a	-1	29.629345000000001
15	2	0.0	1.0	2048	2096128	7296299364095781661	n/a	-1	29.303498999999999
15	2	0.0	1.0	2048	2096128	14260725664742304609	n/a	-1	29.544184000000001
15	2	0.0	1.0	2048	2096128	15039655596618914324	n/a	-1	29.743921000000000
15	2	0.0	1.0	2048	2096128	15377819370446509875	n/a	-1	29.672754000000001
15	2	0.0	1.0	2048	2096128	15485668359299118115	n/a	-1	29.530042999999999
15	2	0.0	1.0	2048	2096128	18150331769364273520	n/a	-1	29.780062000000001
