#Prec	Dim	Min	Max	|V|	|E|	Seed               	Rev	Run#	MST Weight
15	3	0.0	1.0	1	0	485584827734484179	n/a	-1	0.000000000000000
15	3	0.0	1.0	1	0	654521040800994518	n/a	-1	0.000000000000000
15	3	0.0	1.0	1	0	1655256507455431071	n/a	-1	0.000000000000000
15	3	0.0	1.0	1	0	2082276076391620798	n/a	-1	0.000000000000000
15	3	0.0	1.0	1	0	8247394453170624521	n/a	-1	0.000000000000000
15	3	0.0	1.0	1	0	8833710178429252125	n/a	-1	0.000000000000000
15	3	0.0	1.0	1	0	12482981856421546656	n/a	-1	0.000000000000000
15	3	0.0	1.0	1	0	12868950998420232216	n/a	-1	0.000000000000000
15	3	0.0	1.0	1	0	15505795826272560849	n/a	-1	0.000000000000000
15	3	0.0	1.0	1	0	17153610110850258732	n/a	-1	0.000000000000000
15	3	0.0	1.0	1	0	17173970992693563774	n/a	-1	0.000000000000000
15	3	0.0	1.0	2	1	127683687657053946	n/a	-1	0.668423000000000
15	3	0.0	1.0	2	1	219446096525526940	n/a	-1	0.722681000000000
15	3	0.0	1.0	2	1	2283059398046449481	n/a	-1	0.719184000000000
15	3	0.0	1.0	2	1	3050520468454762099	n/a	-1	1.075255000000000
15	3	0.0	1.0	2	1	7157000753310951446	n/a	-1	0.388835000000000
15	3	0.0	1.0	2	1	7973193485510275990	n/a	-1	0.346920000000000
15	3	0.0	1.0	2	1	12209435665995092078	n/a	-1	0.913688000000000
15	3	0.0	1.0	2	1	12236187487620884232	n/a	-1	0.898902000000000
15	3	0.0	1.0	2	1	13549622917793679796	n/a	-1	1.274951000000000
15	3	0.0	1.0	2	1	14435731478424618321	n/a	-1	0.800899000000000
15	3	0.0	1.0	2	1	14781612705972131152	n/a	-1	1.019492000000000
15	3	0.0	1.0	4	6	2454170535358118526	n/a	-1	1.570751000000000
15	3	0.0	1.0	4	6	3314364269862136790	n/a	-1	1.979622000000000
15	3	0.0	1.0	4	6	6223196935522187122	n/a	-1	1.071993000000000
15	3	0.0	1.0	4	6	6485617984600203180	n/a	-1	1.734097000000000
15	3	0.0	1.0	4	6	8192130174782376722	n/a	-1	1.197976000000000
15	3	0.0	1.0	4	6	14241511279800488701	n/a	-1	1.546250000000000
15	3	0.0	1.0	4	6	15072614242303803955	n/a	-1	1.518985000000000
15	3	0.0	1.0	4	6	15206821442165780319	n/a	-1	2.200830000000000
15	3	0.0	1.0	4	6	15548376880502758981	n/a	-1	1.606000000000000
15	3	0.0	1.0	4	6	17300538647925034088	n/a	-1	1.183240000000000
15	3	0.0	1.0	4	6	18304653643821051040	n/a	-1	0.920066000000000
15	3	0.0	1.0	8	28	2020599340889268026	n/a	-1	2.264961000000000
15	3	0.0	1.0	8	28	3135117933968630000	n/a	-1	3.021921000000000
15	3	0.0	1.0	8	28	3181572555125334442	n/a	-1	2.583704000000000
15	3	0.0	1.0	8	28	3365359892987995932	n/a	-1	2.642571000000000
15	3	0.0	1.0	8	28	5136008747215942795	n/a	-1	2.782940000000000
15	3	0.0	1.0	8	28	6384069269235160126	n/a	-1	3.332260000000000
15	3	0.0	1.0	8	28	7784016713270446116	n/a	-1	2.857435000000000
15	3	0.0	1.0	8	28	9361315025168085888	n/a	-1	2.780106000000000
15	3	0.0	1.0	8	28	11259186660821671656	n/a	-1	3.005574000000000
15	3	0.0	1.0	8	28	12879113872230233339	n/a	-1	3.566946000000000
15	3	0.0	1.0	8	28	13663830020152276586	n/a	-1	3.041247000000000
15	3	0.0	1.0	16	120	201077412856564288	n/a	-1	4.785831000000000
15	3	0.0	1.0	16	120	1351539611802996123	n/a	-1	4.141127000000000
15	3	0.0	1.0	16	120	2818041207162170802	n/a	-1	4.489118000000000
15	3	0.0	1.0	16	120	5299700123835362965	n/a	-1	4.300886000000000
15	3	0.0	1.0	16	120	8421822032617071751	n/a	-1	4.914964000000000
15	3	0.0	1.0	16	120	8689099668323792318	n/a	-1	4.782696000000000
15	3	0.0	1.0	16	120	9192996353712976013	n/a	-1	4.644988000000000
15	3	0.0	1.0	16	120	11916854616814546622	n/a	-1	4.834352000000000
15	3	0.0	1.0	16	120	17029609950425735628	n/a	-1	4.426356000000000
15	3	0.0	1.0	16	120	17585873022252062041	n/a	-1	4.284875000000000
15	3	0.0	1.0	16	120	18335480512407602577	n/a	-1	3.827919000000000
15	3	0.0	1.0	32	496	1056076321334547294	n/a	-1	7.511201000000000
15	3	0.0	1.0	32	496	3929603503344378281	n/a	-1	7.396933000000000
15	3	0.0	1.0	32	496	3953060121378472751	n/a	-1	7.622104000000000
15	3	0.0	1.0	32	496	5511872426999288553	n/a	-1	7.588701000000000
15	3	0.0	1.0	32	496	6713350583031669704	n/a	-1	7.125633000000000
15	3	0.0	1.0	32	496	7937437306849976637	n/a	-1	7.258709000000000
15	3	0.0	1.0	32	496	8196816951997717623	n/a	-1	7.188612000000000
15	3	0.0	1.0	32	496	9592246643505487999	n/a	-1	7.622415000000000
15	3	0.0	1.0	32	496	10234745387594325956	n/a	-1	7.300073000000000
15	3	0.0	1.0	32	496	11311981719916336562	n/a	-1	7.420170000000000
15	3	0.0	1.0	32	496	13223687408840418920	n/a	-1	7.312069000000000
15	3	0.0	1.0	64	2016	182870780731078854	n/a	-1	11.821431000000000
15	3	0.0	1.0	64	2016	2319186047341850334	n/a	-1	10.992997000000001
15	3	0.0	1.0	64	2016	4239477047748207259	n/a	-1	11.771775999999999
15	3	0.0	1.0	64	2016	5088813267363970734	n/a	-1	10.916123000000001
15	3	0.0	1.0	64	2016	5271119320388161413	n/a	-1	12.085557000000000
15	3	0.0	1.0	64	2016	5892385719656583959	n/a	-1	11.517258000000000
15	3	0.0	1.0	64	2016	8198396219196170104	n/a	-1	11.340735000000000
15	3	0.0	1.0	64	2016	12926942219556728900	n/a	-1	11.183069000000000
15	3	0.0	1.0	64	2016	15322570824374739559	n/a	-1	11.241329000000000
15	3	0.0	1.0	64	2016	17259221247967648771	n/a	-1	11.150059000000001
15	3	0.0	1.0	64	2016	18054381145283299725	n/a	-1	11.168661000000000
15	3	0.0	1.0	128	8128	6062231160386110513	n/a	-1	17.116982000000000
15	3	0.0	1.0	128	8128	6714480022787080032	n/a	-1	17.710381000000002
15	3	0.0	1.0	128	8128	12731506097736981066	n/a	-1	17.959871000000000
15	3	0.0	1.0	128	8128	13021358417641900143	n/a	-1	17.872796999999998
15	3	0.0	1.0	128	8128	13271897660116030983	n/a	-1	16.924918999999999
15	3	0.0	1.0	128	8128	13308804184506319601	n/a	-1	17.155687000000000
15	3	0.0	1.0	128	8128	14022376564215704838	n/a	-1	17.973019000000001
15	3	0.0	1.0	128	8128	15375134104283432599	n/a	-1	17.726897999999998
15	3	0.0	1.0	128	8128	16574974001216016115	n/a	-1	18.055074999999999
15	3	0.0	1.0	128	8128	18001867199835500102	n/a	-1	17.276482000000001
15	3	0.0	1.0	128	8128	18277635013073533712	n/a	-1	17.187653000000001
15	3	0.0	1.0	256	32640	2229910637521645603	n/a	-1	27.574915000000001
15	3	0.0	1.0	256	32640	4723470175136660150	n/a	-1	27.206658999999998
15	3	0.0	1.0	256	32640	6595841704931840020	n/a	-1	27.729666000000002
15	3	0.0	1.0	256	32640	6756843697570150404	n/a	-1	27.496608999999999
15	3	0.0	1.0	256	32640	10762816471665319914	n/a	-1	27.814032000000001
15	3	0.0	1.0	256	32640	12588031591193638912	n/a	-1	26.975815000000001
15	3	0.0	1.0	256	32640	15130038159928619704	n/a	-1	28.156824000000000
15	3	0.0	1.0	256	32640	15258624015277315937	n/a	-1	27.975006000000000
15	3	0.0	1.0	256	32640	15710715180881811915	n/a	-1	27.094427000000000
15	3	0.0	1.0	256	32640	15821583192950402550	n/a	-1	27.073720999999999
15	3	0.0	1.0	256	32640	16404087154343896957	n/a	-1	27.521259000000001
15	3	0.0	1.0	512	130816	1145585800791432383	n/a	-1	43.652701999999998
15	3	0.0	1.0	512	130816	3520877462562705013	n/a	-1	42.933407000000003
15	3	0.0	1.0	512	130816	3932605641193212751	n/a	-1	44.416182999999997
15	3	0.0	1.0	512	130816	5096402029134320180	n/a	-1	42.717342000000002
15	3	0.0	1.0	512	130816	5733589016251137436	n/a	-1	43.503135999999998
15	3	0.0	1.0	512	130816	6745752904173564914	n/a	-1	43.563476999999999
15	3	0.0	1.0	512	130816	8230314970093692928	n/a	-1	42.765072000000004
15	3	0.0	1.0	512	130816	12172497094355688965	n/a	-1	43.623314000000001
15	3	0.0	1.0	512	130816	12999783953577492158	n/a	-1	43.037571000000000
15	3	0.0	1.0	512	130816	17238451176859856383	n/a	-1	43.276375000000002
15	3	0.0	1.0	512	130816	17419244296342133247	n/a	-1	43.400970000000001
15	3	0.0	1.0	1024	523776	3350966005007602448	n/a	-1	68.670586000000000
15	3	0.0	1.0	1024	523776	5957658280752663441	n/a	-1	68.751266000000001
15	3	0.0	1.0	1024	523776	10692188913944755911	n/a	-1	68.849975999999998
15	3	0.0	1.0	1024	523776	11802395746220313443	n/a	-1	67.895042000000004
15	3	0.0	1.0	1024	523776	12017578426843715506	n/a	-1	68.196479999999994
15	3	0.0	1.0	1024	523776	13532653798060712778	n/a	-1	67.510604999999998
15	3	0.0	1.0	1024	523776	13768117202156067870	n/a	-1	69.199791000000005
15	3	0.0	1.0	1024	523776	15386164435303482016	n/a	-1	68.844916999999995
15	3	0.0	1.0	1024	523776	15638814724418669664	n/a	-1	67.381241000000003
15	3	0.0	1.0	1024	523776	17335678440510371529	n/a	-1	67.173339999999996
15	3	0.0	1.0	1024	523776	17999541624177449920	n/a	-1	68.704139999999995
15	3	0.0	1.0	2048	2096128	669076082250258978	n/a	-1	106.592461000000000
15	3	0.0	1.0	2048	2096128	2958663991083826150	n/a	-1	107.358559000000000
15	3	0.0	1.0	2048	2096128	3248788925791095439	n/a	-1	107.626114000000001
15	3	0.0	1.0	2048	2096128	7726839781038252301	n/a	-1	107.123604000000000
15	3	0.0	1.0	2048	2096128	10334912429693159946	n/a	-1	106.408828999999997
15	3	0.0	1.0	2048	2096128	13137962579787322170	n/a	-1	107.111464999999995
15	3	0.0	1.0	2048	2096128	15384640309654015475	n/a	-1	107.344864000000001
15	3	0.0	1.0	2048	2096128	17319102116713505827	n/a	-1	105.553719000000001
15	3	0.0	1.0	2048	2096128	18116396011834879912	n/a	-1	106.822379999999995
15	3	0.0	1.0	2048	2096128	18205616153507818135	n/a	-1	105.507980000000003
