#Prec	Dim	Min	Max	|V|	|E|	Seed               	Rev	Run#	MST Weight
15	4	0.0	1.0	1	0	1555117399099074179	n/a	-1	0.000000000000000
15	4	0.0	1.0	1	0	4344717467606877773	n/a	-1	0.000000000000000
15	4	0.0	1.0	1	0	4735678523374349363	n/a	-1	0.000000000000000
15	4	0.0	1.0	1	0	5121030430014606578	n/a	-1	0.000000000000000
15	4	0.0	1.0	1	0	8441651939072343951	n/a	-1	0.000000000000000
15	4	0.0	1.0	1	0	9053959696214784816	n/a	-1	0.000000000000000
15	4	0.0	1.0	1	0	11709007140231839858	n/a	-1	0.000000000000000
15	4	0.0	1.0	1	0	13370552498218736825	n/a	-1	0.000000000000000
15	4	0.0	1.0	1	0	15071309977632121167	n/a	-1	0.000000000000000
15	4	0.0	1.0	1	0	16055107009542651435	n/a	-1	0.000000000000000
15	4	0.0	1.0	1	0	17580491239437254034	n/a	-1	0.000000000000000
15	4	0.0	1.0	2	1	3373256512054327929	n/a	-1	0.714792000000000
15	4	0.0	1.0	2	1	3489054453885995083	n/a	-1	0.977645000000000
15	4	0.0	1.0	2	1	4993430941835737278	n/a	-1	0.561630000000000
15	4	0.0	1.0	2	1	5749398513248691351	n/a	-1	0.581926000000000
15	4	0.0	1.0	2	1	8528595744335861792	n/a	-1	0.479998000000000
15	4	0.0	1.0	2	1	8727342178088196304	n/a	-1	0.313212000000000
15	4	0.0	1.0	2	1	13939151768543110382	n/a	-1	0.492972000000000
15	4	0.0	1.0	2	1	13950895952163249183	n/a	-1	0.316972000000000
15	4	0.0	1.0	2	1	16077100255091044826	n/a	-1	0.728055000000000
15	4	0.0	1.0	2	1	17916622573623389148	n/a	-1	0.678085000000000
15	4	0.0	1.0	2	1	18188986293818798846	n/a	-1	0.434399000000000
15	4	0.0	1.0	4	6	2422245661863945504	n/a	-1	2.017788000000000
15	4	0.0	1.0	4	6	4972331268940334111	n/a	-1	2.121892000000000
15	4	0.0	1.0	4	6	5443383263091490881	n/a	-1	1.626780000000000
15	4	0.0	1.0	4	6	6212453858031146534	n/a	-1	2.665021000000000
15	4	0.0	1.0	4	6	6427109570984560703	n/a	-1	1.972470000000000
15	4	0.0	1.0	4	6	8313818436769793469	n/a	-1	1.404222000000000
15	4	0.0	1.0	4	6	9239160861621703375	n/a	-1	1.803794000000000
15	4	0.0	1.0	4	6	12568185511519039375	n/a	-1	1.736551000000000
15	4	0.0	1.0	4	6	14175612228442889818	n/a	-1	1.562055000000000
15	4	0.0	1.0	4	6	15928179607627741848	n/a	-1	1.940678000000000
15	4	0.0	1.0	4	6	16562914531073742336	n/a	-1	2.196700000000000
15	4	0.0	1.0	8	28	2048097427708018265	n/a	-1	3.663687000000000
15	4	0.0	1.0	8	28	2732276230224613336	n/a	-1	2.873295000000000
15	4	0.0	1.0	8	28	4088716309485395104	n/a	-1	3.746300000000000
15	4	0.0	1.0	8	28	5828061844797185152	n/a	-1	2.634586000000000
15	4	0.0	1.0	8	28	6579224735466861023	n/a	-1	3.970382000000000
15	4	0.0	1.0	8	28	8920974894778622986	n/a	-1	3.574933000000000
15	4	0.0	1.0	8	28	12874355924864217286	n/a	-1	3.539498000000000
15	4	0.0	1.0	8	28	13605619578094451968	n/a	-1	2.892368000000000
15	4	0.0	1.0	8	28	14198743053317065174	n/a	-1	3.403335000000000
15	4	0.0	1.0	8	28	15484389231584851956	n/a	-1	3.246932000000000
15	4	0.0	1.0	8	28	15865297250056800196	n/a	-1	3.212752000000000
15	4	0.0	1.0	16	120	1079785389719140528	n/a	-1	5.546566000000000
15	4	0.0	1.0	16	120	1862744870205819317	n/a	-1	6.282460000000000
15	4	0.0	1.0	16	120	4456348948434445100	n/a	-1	6.467036000000000
15	4	0.0	1.0	16	120	8781315625826341301	n/a	-1	5.651257000000000
15	4	0.0	1.0	16	120	10424968224944587240	n/a	-1	6.203750000000000
15	4	0.0	1.0	16	120	11391538731135736650	n/a	-1	6.480437000000000
15	4	0.0	1.0	16	120	11572045182360876297	n/a	-1	6.058651000000000
15	4	0.0	1.0	16	120	13938248147462013902	n/a	-1	6.065062000000000
15	4	0.0	1.0	16	120	14797077157620792880	n/a	-1	6.726999000000000
15	4	0.0	1.0	16	120	17284156017081702310	n/a	-1	5.336874000000000
15	4	0.0	1.0	16	120	18376359177871231617	n/a	-1	5.991615000000000
15	4	0.0	1.0	32	496	688265555644156774	n/a	-1	10.738222000000000
15	4	0.0	1.0	32	496	724130976951660304	n/a	-1	9.886158000000000
15	4	0.0	1.0	32	496	935824582863653488	n/a	-1	9.508528999999999
15	4	0.0	1.0	32	496	4559294908004562576	n/a	-1	11.050125000000000
15	4	0.0	1.0	32	496	7694811371546846526	n/a	-1	10.599205000000000
15	4	0.0	1.0	32	496	7740441536526508298	n/a	-1	9.926231000000000
15	4	0.0	1.0	32	496	13911431888937437160	n/a	-1	10.974855000000000
15	4	0.0	1.0	32	496	14211125674708334272	n/a	-1	10.591888000000001
15	4	0.0	1.0	32	496	14282639183629446128	n/a	-1	10.258557000000000
15	4	0.0	1.0	32	496	16026635053479905071	n/a	-1	10.458691000000000
15	4	0.0	1.0	32	496	17420130357664521357	n/a	-1	9.925367000000000
15	4	0.0	1.0	64	2016	246430999310661753	n/a	-1	16.191586999999998
15	4	0.0	1.0	64	2016	2001088553573940239	n/a	-1	17.277425999999998
15	4	0.0	1.0	64	2016	4568994295915683657	n/a	-1	17.784707999999998
15	4	0.0	1.0	64	2016	4806979592115399749	n/a	-1	17.051590000000001
15	4	0.0	1.0	64	2016	8497578895280618684	n/a	-1	16.758030000000002
15	4	0.0	1.0	64	2016	9168401912534492553	n/a	-1	17.118113000000001
15	4	0.0	1.0	64	2016	9734182750978861181	n/a	-1	17.054893000000000
15	4	0.0	1.0	64	2016	10115291164406003806	n/a	-1	18.055180000000000
15	4	0.0	1.0	64	2016	13673790095158921367	n/a	-1	17.249745999999998
15	4	0.0	1.0	64	2016	15911636861432750833	n/a	-1	17.455566000000001
15	4	0.0	1.0	64	2016	15935095415720218261	n/a	-1	16.490725000000001
15	4	0.0	1.0	128	8128	1725104280679386377	n/a	-1	28.421246000000000
15	4	0.0	1.0	128	8128	6202564940656324856	n/a	-1	27.815982999999999
15	4	0.0	1.0	128	8128	6857071757735105392	n/a	-1	29.397186000000001
15	4	0.0	1.0	128	8128	8473859691605590086	n/a	-1	28.831997000000001
15	4	0.0	1.0	128	8128	10505872517839037273	n/a	-1	28.461088000000000
15	4	0.0	1.0	128	8128	12811657848305480658	n/a	-1	28.085591999999998
15	4	0.0	1.0	128	8128	14339789445969730542	n/a	-1	28.583110999999999
15	4	0.0	1.0	128	8128	14454275930703938196	n/a	-1	27.881167999999999
15	4	0.0	1.0	128	8128	15420249203142984195	n/a	-1	29.159034999999999
15	4	0.0	1.0	128	8128	15664316029721360062	n/a	-1	28.555523000000001
15	4	0.0	1.0	128	8128	18250920547547396997	n/a	-1	29.225334000000000
15	4	0.0	1.0	256	32640	1297073419077063636	n/a	-1	47.114818999999997
15	4	0.0	1.0	256	32640	4950703657456880266	n/a	-1	46.942073999999998
15	4	0.0	1.0	256	32640	9133610046773600039	n/a	-1	46.623268000000003
15	4	0.0	1.0	256	32640	9857492648776472136	n/a	-1	46.215977000000002
15	4	0.0	1.0	256	32640	10032706220732642656	n/a	-1	48.826819999999998
15	4	0.0	1.0	256	32640	14516508744402026463	n/a	-1	45.935001000000000
15	4	0.0	1.0	256	32640	14893033137847165013	n/a	-1	46.485542000000002
15	4	0.0	1.0	256	32640	15208300714136059639	n/a	-1	46.775024000000002
15	4	0.0	1.0	256	32640	15855056662655351551	n/a	-1	47.154995000000000
15	4	0.0	1.0	256	32640	15884600172121273074	n/a	-1	47.071944999999999
15	4	0.0	1.0	256	32640	16297790517297782152	n/a	-1	47.850876000000000
15	4	0.0	1.0	512	130816	870993001726469003	n/a	-1	77.597701999999998
15	4	0.0	1.0	512	130816	4360610640992043957	n/a	-1	79.921126999999998
15	4	0.0	1.0	512	130816	5860562091453216962	n/a	-1	77.207970000000003
15	4	0.0	1.0	512	130816	6385010546926839935	n/a	-1	79.336890999999994
15	4	0.0	1.0	512	130816	6479533652461066759	n/a	-1	77.846832000000006
15	4	0.0	1.0	512	130816	7583276037596914193	n/a	-1	77.535385000000005
15	4	0.0	1.0	512	130816	8158650253136627284	n/a	-1	78.416183000000004
15	4	0.0	1.0	512	130816	9500490445555423211	n/a	-1	76.723113999999995
15	4	0.0	1.0	512	130816	14791600814981229069	n/a	-1	77.128371999999999
15	4	0.0	1.0	512	130816	16124550689093384487	n/a	-1	77.186088999999996
15	4	0.0	1.0	512	130816	18106720776120585233	n/a	-1	77.125953999999993
15	4	0.0	1.0	1024	523776	671818268876414780	n/a	-1	131.849442000000010
15	4	0.0	1.0	1024	523776	3188868444104984385	n/a	-1	128.402877999999987
15	4	0.0	1.0	1024	523776	5098724304057998993	n/a	-1	127.590393000000006
15	4	0.0	1.0	1024	523776	5266397910563587824	n/a	-1	129.275833000000006
15	4	0.0	1.0	1024	523776	5290669812457989682	n/a	-1	129.501006999999987
15	4	0.0	1.0	1024	523776	7643757246122528380	n/a	-1	130.756621999999993
15	4	0.0	1.0	1024	523776	10934548126313474725	n/a	-1	131.238128999999986
15	4	0.0	1.0	1024	523776	11644286723617627965	n/a	-1	131.550155999999987
15	4	0.0	1.0	1024	523776	15127520975729586722	n/a	-1	130.418564000000003
15	4	0.0	1.0	1024	523776	17478733803756864809	n/a	-1	128.802245999999997
15	4	0.0	1.0	1024	523776	18228061532626594421	n/a	-1	131.292709000000002
15	4	0.0	1.0	2048	2096128	3208089144674557791	n/a	-1	217.438537999999994
15	4	0.0	1.0	2048	2096128	4368310114498710201	n/a	-1	217.082611000000014
15	4	0.0	1.0	2048	2096128	4393310327995726088	n/a	-1	219.024460000000005
15	4	0.0	1.0	2048	2096128	5020499967849633201	n/a	-1	215.516707999999994
15	4	0.0	1.0	2048	2096128	5206012176785964220	n/a	-1	217.009567000000004
15	4	0.0	1.0	2048	2096128	5416127113219009592	n/a	-1	216.892058999999989
15	4	0.0	1.0	2048	2096128	8087868707933618082	n/a	-1	216.981338999999991
15	4	0.0	1.0	2048	2096128	14444444042717104642	n/a	-1	216.923858999999993
15	4	0.0	1.0	2048	2096128	16255145294408650296	n/a	-1	216.407349000000011
15	4	0.0	1.0	2048	2096128	16336084614547859544	n/a	-1	217.501159999999999
